source,target,weight
0,1,1
0,3,1
0,4,1
0,7,1
0,13,1
0,37,1
0,49,1
0,53,1
0,63,1
0,107,1
0,117,1
0,125,1
0,140,1
0,158,1
0,161,1
0,171,1
0,179,1
0,206,1
0,219,1
0,224,1
0,261,1
0,276,1
0,277,1
0,290,1
0,311,1
0,332,1
0,333,1
0,424,1
0,498,1
0,525,1
0,568,1
0,579,1
0,660,1
0,678,1
0,700,1
0,712,1
0,759,1
0,851,1
0,902,1
0,944,1
0,962,1
0,1107,1
0,1125,1
0,1159,1
0,1184,1
0,1276,1
0,1284,1
0,1387,1
0,1409,1
1,2,1
1,5,1
1,925,1
1,1366,1
2,427,1
2,1078,1
3,4,1
3,6,1
3,21,1
3,36,1
3,73,1
3,102,1
3,113,1
3,149,1
3,207,1
3,253,1
3,266,1
3,289,1
3,361,1
3,458,1
3,508,1
3,623,1
3,767,1
3,1077,1
3,1212,1
3,1258,1
4,8,1
4,9,1
4,31,1
4,34,1
4,39,1
4,45,1
4,46,1
4,58,1
4,76,1
4,86,1
4,115,1
4,123,1
4,170,1
4,222,1
4,233,1
4,347,1
4,367,1
4,370,1
4,396,1
4,472,1
4,485,1
4,505,1
4,575,1
4,617,1
4,726,1
4,751,1
4,812,1
4,816,1
4,903,1
4,931,1
4,979,1
4,1020,1
4,1114,1
4,1216,1
4,1231,1
4,1354,1
4,1424,1
5,60,1
5,106,1
5,384,1
6,14,1
6,54,1
6,100,1
6,192,1
6,282,1
6,414,1
6,417,1
6,421,1
6,447,1
6,714,1
6,790,1
6,901,1
6,997,1
6,1361,1
7,10,1
7,15,1
7,23,1
7,51,1
7,203,1
7,234,1
7,254,1
7,273,1
7,339,1
7,376,1
7,418,1
7,476,1
7,532,1
7,574,1
7,618,1
7,624,1
7,671,1
7,692,1
7,699,1
7,786,1
7,935,1
7,1140,1
7,1206,1
7,1305,1
7,1446,1
8,11,1
8,15,1
8,22,1
8,26,1
8,27,1
8,28,1
8,38,1
8,52,1
8,72,1
8,88,1
8,95,1
8,187,1
8,263,1
8,271,1
8,363,1
8,385,1
8,413,1
8,434,1
8,514,1
8,527,1
8,529,1
8,740,1
8,822,1
8,971,1
8,1086,1
8,1405,1
9,25,1
9,80,1
9,103,1
9,177,1
9,206,1
9,274,1
9,723,1
10,12,1
10,16,1
10,63,1
10,122,1
10,143,1
10,398,1
10,405,1
10,500,1
10,652,1
10,787,1
10,838,1
12,18,1
12,19,1
12,47,1
12,217,1
12,465,1
12,570,1
12,696,1
12,773,1
12,1156,1
12,1304,1
13,14,1
13,32,1
13,35,1
13,41,1
13,45,1
13,55,1
13,66,1
13,71,1
13,82,1
13,104,1
13,110,1
13,118,1
13,132,1
13,152,1
13,159,1
13,210,1
13,293,1
13,296,1
13,305,1
13,379,1
13,411,1
13,546,1
13,564,1
13,576,1
13,628,1
13,643,1
13,697,1
13,778,1
13,863,1
13,875,1
13,949,1
13,1287,1
13,1343,1
13,1395,1
13,1449,1
14,17,1
14,91,1
14,99,1
14,229,1
14,349,1
14,406,1
14,483,1
14,578,1
14,602,1
14,711,1
14,930,1
14,1301,1
14,1375,1
15,20,1
15,33,1
15,43,1
15,65,1
15,68,1
15,83,1
15,119,1
15,124,1
15,144,1
15,169,1
15,174,1
15,190,1
15,209,1
15,237,1
15,279,1
15,302,1
15,318,1
15,341,1
15,509,1
15,535,1
15,584,1
15,601,1
15,615,1
15,663,1
15,708,1
15,709,1
15,829,1
15,883,1
15,999,1
15,1093,1
15,1129,1
15,1171,1
15,1320,1
15,1368,1
15,1384,1
15,1490,1
15,1498,1
16,1309,1
17,30,1
17,40,1
17,456,1
17,1157,1
18,24,1
18,108,1
18,164,1
18,230,1
18,236,1
18,468,1
18,693,1
18,877,1
18,961,1
18,1026,1
18,1065,1
19,80,1
19,1349,1
20,29,1
20,69,1
20,138,1
20,148,1
20,172,1
20,243,1
20,322,1
20,467,1
20,499,1
20,547,1
20,562,1
20,590,1
20,719,1
20,737,1
20,742,1
20,793,1
20,884,1
20,934,1
20,1050,1
20,1112,1
20,1115,1
20,1329,1
21,35,1
21,41,1
21,59,1
21,150,1
21,227,1
21,451,1
21,488,1
21,573,1
21,722,1
21,748,1
21,1102,1
22,94,1
22,175,1
22,191,1
22,250,1
22,338,1
22,490,1
22,781,1
23,50,1
23,53,1
23,57,1
23,75,1
23,362,1
23,1410,1
24,372,1
25,693,1
26,42,1
26,56,1
26,131,1
26,185,1
26,410,1
26,1223,1
27,48,1
27,134,1
27,176,1
28,105,1
28,552,1
28,893,1
29,1197,1
30,77,1
30,287,1
30,340,1
30,511,1
30,1274,1
31,129,1
31,513,1
31,1495,1
32,614,1
32,919,1
33,42,1
33,62,1
33,130,1
33,205,1
33,248,1
33,286,1
33,304,1
33,611,1
33,804,1
34,787,1
34,806,1
34,841,1
34,1475,1
35,200,1
35,1234,1
36,59,1
36,113,1
36,312,1
36,353,1
36,399,1
36,462,1
36,725,1
36,818,1
36,1081,1
36,1236,1
37,85,1
37,260,1
37,1058,1
39,98,1
39,288,1
39,326,1
39,673,1
39,891,1
40,70,1
40,166,1
40,201,1
40,247,1
40,291,1
40,481,1
40,523,1
40,661,1
40,694,1
40,728,1
40,1019,1
41,61,1
41,114,1
41,142,1
41,162,1
41,184,1
41,213,1
41,368,1
41,592,1
41,635,1
41,665,1
41,670,1
41,710,1
41,831,1
41,855,1
41,1068,1
41,1119,1
41,1144,1
41,1149,1
41,1176,1
41,1254,1
41,1259,1
41,1279,1
41,1326,1
41,1334,1
41,1398,1
41,1403,1
41,1458,1
41,1471,1
42,44,1
42,92,1
42,310,1
42,939,1
42,1044,1
43,199,1
43,295,1
43,382,1
43,622,1
43,703,1
44,67,1
44,89,1
45,371,1
45,437,1
45,627,1
45,666,1
45,814,1
45,1296,1
47,136,1
47,138,1
47,1250,1
48,93,1
48,109,1
48,593,1
49,225,1
49,453,1
49,556,1
49,717,1
49,788,1
49,878,1
49,889,1
49,1185,1
49,1332,1
49,1436,1
50,78,1
51,96,1
51,120,1
51,165,1
51,239,1
51,369,1
51,445,1
51,496,1
51,503,1
51,550,1
51,680,1
51,686,1
51,732,1
51,809,1
51,871,1
51,1049,1
51,1362,1
51,1390,1
51,1428,1
52,64,1
52,168,1
52,195,1
52,226,1
52,246,1
52,388,1
52,423,1
53,81,1
53,137,1
53,834,1
53,981,1
54,146,1
54,147,1
54,634,1
54,945,1
55,79,1
55,133,1
55,135,1
55,160,1
55,358,1
55,475,1
55,581,1
55,720,1
55,734,1
55,802,1
56,354,1
56,510,1
57,231,1
57,284,1
57,763,1
58,321,1
58,796,1
59,74,1
59,90,1
59,116,1
59,167,1
59,197,1
59,268,1
59,325,1
59,401,1
59,429,1
59,487,1
59,653,1
59,847,1
59,1072,1
60,1303,1
61,655,1
63,180,1
63,345,1
63,365,1
63,381,1
63,835,1
63,846,1
63,862,1
63,897,1
63,914,1
63,1056,1
63,1057,1
63,1311,1
67,112,1
67,126,1
67,153,1
67,188,1
67,314,1
67,344,1
67,346,1
67,386,1
67,393,1
67,408,1
67,478,1
67,519,1
67,1069,1
67,1071,1
67,1113,1
67,1189,1
67,1391,1
68,337,1
68,504,1
68,995,1
68,1437,1
71,493,1
73,81,1
73,599,1
73,794,1
74,1095,1
75,145,1
75,215,1
75,306,1
75,308,1
75,558,1
75,566,1
75,839,1
75,849,1
75,1188,1
75,1252,1
75,1341,1
76,97,1
76,121,1
76,127,1
76,156,1
76,1422,1
78,356,1
78,448,1
78,608,1
78,1443,1
79,251,1
79,992,1
80,241,1
80,495,1
80,619,1
81,218,1
81,402,1
81,443,1
81,554,1
81,585,1
81,715,1
81,854,1
81,1007,1
81,1091,1
82,482,1
82,1474,1
83,84,1
83,359,1
83,557,1
83,969,1
83,1054,1
84,86,1
84,214,1
84,320,1
84,528,1
84,727,1
84,766,1
84,1076,1
84,1261,1
84,1445,1
85,203,1
85,477,1
85,859,1
86,87,1
86,494,1
86,817,1
86,894,1
86,1033,1
86,1221,1
86,1430,1
87,258,1
87,315,1
87,328,1
87,466,1
87,1018,1
88,232,1
90,352,1
90,436,1
90,1016,1
91,144,1
91,1013,1
92,228,1
94,101,1
94,193,1
94,491,1
94,881,1
94,965,1
94,1379,1
95,1067,1
95,1190,1
96,543,1
96,768,1
96,861,1
97,844,1
99,183,1
99,1181,1
100,924,1
101,128,1
101,565,1
101,1331,1
102,300,1
102,770,1
104,181,1
104,471,1
104,1003,1
104,1174,1
105,283,1
105,330,1
105,540,1
105,1342,1
106,309,1
106,375,1
106,724,1
108,117,1
108,278,1
108,1051,1
108,1358,1
109,111,1
109,141,1
109,320,1
109,324,1
109,741,1
109,915,1
110,211,1
110,492,1
111,888,1
112,920,1
112,1146,1
112,1203,1
113,151,1
113,257,1
113,357,1
113,1158,1
113,1348,1
113,1477,1
113,1488,1
114,1025,1
116,421,1
116,922,1
116,1302,1
117,178,1
117,183,1
117,217,1
117,373,1
117,501,1
117,616,1
117,1440,1
118,157,1
118,348,1
118,400,1
119,281,1
119,438,1
119,530,1
119,542,1
119,589,1
119,689,1
119,772,1
119,1481,1
120,571,1
120,1152,1
120,1293,1
121,342,1
121,505,1
121,648,1
121,941,1
121,1006,1
121,1267,1
123,220,1
123,431,1
123,629,1
123,753,1
123,821,1
123,1285,1
126,329,1
126,1089,1
127,196,1
127,805,1
127,1088,1
127,1210,1
127,1217,1
128,186,1
128,520,1
130,335,1
130,607,1
130,739,1
131,177,1
131,437,1
131,486,1
131,544,1
132,194,1
133,189,1
133,765,1
133,1073,1
133,1415,1
135,392,1
135,403,1
137,139,1
137,155,1
137,334,1
137,355,1
137,825,1
138,769,1
139,155,1
140,390,1
140,450,1
140,561,1
140,746,1
140,830,1
140,911,1
140,928,1
140,994,1
141,216,1
141,262,1
141,656,1
141,967,1
141,1103,1
142,1408,1
143,202,1
143,1134,1
144,154,1
144,182,1
144,221,1
144,265,1
144,319,1
144,587,1
144,1079,1
146,163,1
146,331,1
146,730,1
146,1136,1
147,815,1
147,820,1
147,951,1
147,980,1
147,989,1
147,1029,1
147,1097,1
149,292,1
149,705,1
149,758,1
149,800,1
150,212,1
150,259,1
150,698,1
150,844,1
150,1306,1
150,1487,1
151,1260,1
151,1357,1
152,395,1
152,433,1
152,917,1
154,245,1
154,303,1
154,364,1
154,404,1
154,420,1
154,1012,1
154,1374,1
154,1452,1
155,704,1
156,407,1
156,583,1
157,534,1
157,843,1
157,1202,1
158,408,1
158,444,1
158,1241,1
159,244,1
159,612,1
159,649,1
159,1052,1
159,1345,1
160,267,1
160,270,1
160,336,1
160,598,1
161,1219,1
162,173,1
162,208,1
162,249,1
162,604,1
163,266,1
163,560,1
164,1297,1
164,1444,1
168,674,1
169,972,1
170,1061,1
170,1154,1
170,1222,1
170,1318,1
173,905,1
173,1163,1
176,976,1
177,198,1
177,638,1
178,553,1
179,242,1
179,298,1
179,632,1
179,672,1
179,869,1
182,389,1
182,918,1
183,275,1
183,631,1
183,774,1
184,343,1
184,892,1
185,679,1
185,1139,1
185,1214,1
186,252,1
186,378,1
186,1268,1
187,264,1
188,272,1
188,1266,1
190,280,1
191,223,1
192,351,1
195,205,1
195,214,1
195,256,1
196,494,1
196,836,1
197,548,1
197,733,1
197,797,1
198,255,1
198,409,1
198,1467,1
198,1485,1
199,204,1
201,269,1
201,404,1
201,664,1
201,933,1
201,1015,1
203,654,1
204,473,1
204,785,1
204,899,1
204,927,1
204,975,1
204,1377,1
205,272,1
205,718,1
205,873,1
205,1059,1
205,1243,1
205,1459,1
209,307,1
210,480,1
210,827,1
210,1289,1
211,316,1
213,235,1
213,238,1
213,285,1
213,387,1
213,439,1
214,1034,1
215,350,1
215,775,1
215,1404,1
217,240,1
217,603,1
221,826,1
221,1002,1
222,294,1
223,880,1
223,986,1
225,1030,1
229,256,1
229,596,1
229,1141,1
230,297,1
230,426,1
230,625,1
230,1229,1
230,1322,1
231,272,1
231,299,1
231,433,1
231,597,1
231,687,1
231,1232,1
233,512,1
233,988,1
233,1335,1
234,454,1
237,713,1
239,572,1
239,645,1
239,1175,1
239,1442,1
240,1083,1
241,469,1
241,1300,1
242,301,1
243,1126,1
245,1233,1
247,594,1
248,1135,1
250,1070,1
250,1195,1
252,459,1
252,577,1
252,974,1
253,960,1
253,1469,1
254,695,1
254,1096,1
254,1339,1
256,630,1
256,801,1
256,1325,1
257,887,1
259,1194,1
259,1230,1
259,1448,1
260,1213,1
262,933,1
262,1198,1
265,910,1
265,1323,1
267,442,1
267,731,1
268,422,1
268,515,1
269,317,1
269,412,1
269,563,1
269,735,1
269,860,1
269,1324,1
270,646,1
270,1431,1
272,676,1
272,1246,1
272,1251,1
273,374,1
273,470,1
273,516,1
273,1082,1
273,1240,1
273,1455,1
274,895,1
274,1008,1
275,299,1
275,580,1
276,432,1
276,595,1
276,600,1
276,1062,1
277,948,1
278,323,1
278,383,1
278,658,1
278,898,1
278,953,1
279,735,1
281,455,1
285,353,1
285,394,1
285,639,1
285,886,1
285,1131,1
287,428,1
287,508,1
287,963,1
287,1007,1
287,1462,1
288,533,1
288,681,1
289,526,1
289,644,1
290,641,1
290,1209,1
292,1075,1
293,316,1
293,489,1
293,1098,1
294,313,1
294,377,1
294,397,1
294,539,1
294,879,1
294,1178,1
298,524,1
299,341,1
300,640,1
300,1010,1
300,1396,1
303,867,1
303,1340,1
305,813,1
305,840,1
305,1132,1
305,1389,1
306,452,1
306,667,1
307,484,1
308,327,1
311,482,1
312,1327,1
315,610,1
317,457,1
317,507,1
317,633,1
317,1137,1
317,1142,1
318,983,1
320,764,1
320,956,1
322,853,1
322,1199,1
324,565,1
327,435,1
327,440,1
327,463,1
327,531,1
327,1275,1
327,1288,1
327,1451,1
328,833,1
328,1121,1
331,360,1
331,780,1
332,1063,1
332,1423,1
333,998,1
333,1130,1
335,702,1
336,415,1
336,517,1
336,588,1
336,675,1
341,799,1
343,464,1
343,776,1
345,621,1
345,743,1
345,993,1
345,1265,1
345,1319,1
346,926,1
350,567,1
350,691,1
350,1009,1
350,1122,1
350,1480,1
351,745,1
353,380,1
354,366,1
356,425,1
356,1317,1
359,446,1
359,856,1
364,762,1
365,430,1
369,747,1
369,870,1
369,916,1
369,996,1
369,1118,1
369,1138,1
370,521,1
372,999,1
375,479,1
375,707,1
376,857,1
376,1036,1
377,419,1
377,690,1
379,474,1
379,864,1
381,391,1
381,441,1
381,559,1
381,771,1
383,757,1
385,400,1
385,460,1
385,650,1
385,795,1
385,1373,1
387,545,1
387,1037,1
392,792,1
394,626,1
394,947,1
397,865,1
397,1204,1
397,1397,1
397,1406,1
398,1148,1
398,1386,1
399,729,1
400,782,1
401,852,1
401,1090,1
401,1336,1
404,416,1
405,549,1
405,551,1
407,1399,1
408,1085,1
410,978,1
410,1162,1
410,1346,1
412,1489,1
415,1494,1
416,744,1
416,966,1
418,1181,1
419,522,1
420,761,1
420,1497,1
421,657,1
421,952,1
422,497,1
422,1248,1
425,1084,1
426,1064,1
427,1491,1
428,557,1
428,1024,1
428,1262,1
430,1352,1
431,738,1
433,885,1
433,1264,1
435,511,1
435,685,1
435,1295,1
438,736,1
439,555,1
439,1402,1
440,449,1
440,537,1
440,541,1
442,909,1
442,1053,1
442,1493,1
444,1419,1
447,461,1
449,1294,1
451,502,1
456,637,1
456,1105,1
461,1433,1
464,606,1
467,1460,1
468,810,1
470,779,1
470,906,1
474,518,1
475,613,1
475,684,1
476,1004,1
476,1421,1
477,536,1
477,545,1
478,1239,1
478,1337,1
479,1411,1
480,1263,1
481,620,1
481,1278,1
483,682,1
486,1035,1
487,1450,1
489,506,1
489,688,1
489,721,1
489,1363,1
489,1416,1
489,1478,1
491,1140,1
492,538,1
493,1312,1
494,638,1
494,750,1
494,1032,1
495,569,1
495,750,1
495,1127,1
498,582,1
499,653,1
500,642,1
501,807,1
502,1017,1
504,1043,1
506,1055,1
507,586,1
507,1094,1
508,1055,1
509,669,1
514,647,1
516,591,1
516,668,1
516,716,1
516,946,1
516,1147,1
516,1367,1
518,777,1
519,711,1
519,940,1
519,1426,1
519,1429,1
520,609,1
523,803,1
523,1257,1
523,1360,1
523,1420,1
523,1439,1
524,938,1
524,1100,1
524,1106,1
526,1328,1
529,1401,1
532,866,1
534,913,1
534,1047,1
534,1169,1
534,1412,1
534,1453,1
534,1456,1
538,828,1
540,929,1
540,1193,1
542,904,1
544,1048,1
547,1244,1
551,1045,1
552,593,1
555,977,1
558,1046,1
559,1179,1
566,701,1
566,703,1
566,1211,1
566,1492,1
567,1359,1
568,964,1
568,1247,1
569,706,1
573,1133,1
575,578,1
576,1330,1
577,683,1
577,784,1
577,868,1
577,1109,1
577,1180,1
577,1192,1
577,1370,1
577,1483,1
579,946,1
579,1108,1
581,876,1
582,1038,1
583,1066,1
583,1273,1
584,1200,1
589,955,1
591,1110,1
594,959,1
598,1196,1
602,636,1
604,605,1
604,1005,1
605,662,1
607,760,1
607,984,1
607,1165,1
608,798,1
608,1031,1
608,1177,1
611,651,1
613,1080,1
614,1272,1
615,756,1
617,659,1
617,850,1
618,1369,1
620,1227,1
623,1000,1
625,727,1
628,900,1
628,907,1
628,1226,1
629,1101,1
629,1116,1
635,749,1
636,1123,1
637,824,1
637,936,1
638,1155,1
641,1207,1
645,874,1
646,1111,1
646,1281,1
646,1353,1
647,958,1
651,677,1
651,932,1
664,791,1
670,1092,1
670,1351,1
672,985,1
672,1074,1
683,882,1
683,1101,1
683,1166,1
683,1270,1
684,1076,1
684,1245,1
685,1413,1
685,1484,1
692,789,1
695,754,1
695,937,1
695,1271,1
697,890,1
697,1463,1
698,1283,1
699,822,1
705,1161,1
705,1201,1
706,1269,1
707,755,1
707,973,1
710,752,1
710,1145,1
710,1218,1
717,864,1
717,987,1
717,1356,1
717,1372,1
722,1476,1
729,1183,1
739,1418,1
741,1394,1
742,823,1
742,842,1
750,991,1
750,1461,1
755,832,1
758,783,1
759,1215,1
761,848,1
765,943,1
765,957,1
765,1290,1
766,811,1
769,990,1
769,1143,1
770,1242,1
775,923,1
777,858,1
778,1371,1
780,1292,1
780,1393,1
788,1299,1
789,808,1
792,1170,1
797,1027,1
803,837,1
806,1187,1
807,1277,1
814,819,1
814,1120,1
817,1104,1
823,940,1
823,1039,1
826,950,1
829,912,1
829,1167,1
832,968,1
838,1365,1
839,845,1
840,942,1
843,1060,1
844,970,1
844,1001,1
845,1298,1
847,1347,1
848,954,1
854,1172,1
857,1002,1
862,872,1
865,1313,1
866,1023,1
866,1186,1
874,1153,1
878,1191,1
879,1473,1
881,1432,1
884,1168,1
889,1160,1
891,908,1
892,896,1
892,1087,1
896,921,1
896,1022,1
896,1164,1
899,982,1
902,1466,1
910,1350,1
916,1182,1
917,1099,1
920,1378,1
922,1253,1
925,1344,1
928,1228,1
929,1042,1
932,1021,1
935,1280,1
935,1427,1
938,1041,1
940,1015,1
944,1307,1
947,1173,1
950,1011,1
953,1338,1
967,1435,1
973,1205,1
973,1383,1
979,1315,1
982,1321,1
985,1124,1
992,1014,1
1001,1040,1
1001,1225,1
1001,1417,1
1004,1128,1
1009,1235,1
1014,1400,1
1017,1388,1
1018,1310,1
1021,1028,1
1026,1220,1
1030,1208,1
1039,1316,1
1042,1224,1
1047,1238,1
1054,1249,1
1057,1282,1
1060,1454,1
1068,1363,1
1069,1479,1
1071,1117,1
1075,1255,1
1076,1381,1
1079,1237,1
1079,1385,1
1084,1256,1
1096,1151,1
1100,1457,1
1110,1447,1
1114,1333,1
1114,1364,1
1129,1150,1
1140,1472,1
1143,1314,1
1147,1376,1
1158,1464,1
1162,1425,1
1188,1468,1
1192,1441,1
1195,1438,1
1216,1355,1
1216,1407,1
1217,1291,1
1217,1414,1
1224,1482,1
1249,1465,1
1268,1392,1
1268,1470,1
1272,1382,1
1277,1286,1
1280,1380,1
1283,1308,1
1357,1486,1
1360,1434,1
1404,1496,1
1455,1499,1
