================================================================================
TOP 15 NODES - MULTILAYER NETWORK ANALYSIS
================================================================================

TOP NODES BY OCCUPATION CENTRALITY:
--------------------------------------------------------------------------------
Rank   Node   OccCent    TotDeg   AvgRel   AvgExRel  
--------------------------------------------------------------------------------
1      196    0.034170   324      0.0542   0.0049    
2      194    0.029440   162      0.0314   0.0153    
3      195    0.028860   293      0.0516   0.0058    
4      102    0.017620   250      0.0868   0.0066    
5      188    0.016390   173      0.0639   0.0063    
6      128    0.015405   167      0.0637   0.0080    
7      186    0.015070   140      0.0626   0.0085    
8      92     0.014640   212      0.0822   0.0093    
9      126    0.013820   157      0.0474   0.0112    
10     127    0.013710   162      0.0449   0.0091    
11     119    0.011970   80       0.0286   0.0211    
12     135    0.011370   135      0.0698   0.0083    
13     129    0.011225   133      0.0412   0.0087    
14     116    0.011190   108      0.0571   0.0095    
15     143    0.011175   103      0.0499   0.0126    

TOP NODES BY AVERAGE RELEVANCE:
--------------------------------------------------------------------------------
Rank   Node   AvgRel     OccCent    TotDeg  
--------------------------------------------------------------------------------
1      36     0.116279   0.000975   15      
2      209    0.100775   0.000935   13      
3      215    0.093023   0.000390   4       
4      102    0.086775   0.017620   250     
5      92     0.082171   0.014640   212     
6      101    0.081728   0.008485   123     
7      138    0.079559   0.005475   65      
8      41     0.078179   0.010995   158     
9      109    0.074419   0.007635   96      
10     100    0.074419   0.009635   128     
11     165    0.073996   0.002530   35      
12     80     0.073090   0.002155   22      
13     160    0.069767   0.008500   84      
14     201    0.069767   0.000435   6       
15     135    0.069767   0.011370   135     

LAYER 0 - TOP NODES BY RELEVANCE:
--------------------------------------------------------------------------------
Rank   Node   Relevance    ExclusiveRel   Degree  
--------------------------------------------------------------------------------
1      124    0.486486     0.459459       18      
2      194    0.350000     0.008333       42      
3      2      0.250000     0.000000       1       
4      40     0.142857     0.000000       1       
5      43     0.100000     0.100000       2       
6      108    0.090909     0.030303       3       
7      165    0.090909     0.000000       1       
8      73     0.086957     0.043478       2       
9      140    0.083333     0.000000       3       
10     75     0.080000     0.000000       2       
11     177    0.076923     0.000000       2       
12     133    0.071429     0.000000       1       
13     116    0.068182     0.000000       3       
14     81     0.066667     0.000000       1       
15     86     0.066667     0.066667       1       

LAYER 1 - TOP NODES BY RELEVANCE:
--------------------------------------------------------------------------------
Rank   Node   Relevance    ExclusiveRel   Degree  
--------------------------------------------------------------------------------
1      194    0.991667     0.650000       119     
2      209    0.333333     0.000000       1       
3      210    0.333333     0.333333       1       
4      2      0.250000     0.000000       1       
5      216    0.250000     0.250000       1       
6      79     0.181818     0.090909       2       
7      110    0.166667     0.166667       3       
8      40     0.142857     0.000000       1       
9      80     0.142857     0.142857       1       
10     86     0.133333     0.133333       2       
11     115    0.133333     0.066667       2       
12     66     0.130435     0.043478       3       
13     71     0.130435     0.086957       3       
14     77     0.125000     0.075000       5       
15     58     0.111111     0.037037       3       

LAYER 2 - TOP NODES BY RELEVANCE:
--------------------------------------------------------------------------------
Rank   Node   Relevance    ExclusiveRel   Degree  
--------------------------------------------------------------------------------
1      205    1.000000     1.000000       10      
2      206    1.000000     1.000000       18      
3      207    1.000000     1.000000       10      
4      199    0.833333     0.750000       10      
5      198    0.750000     0.687500       12      
6      197    0.681818     0.590909       15      
7      7      0.666667     0.333333       2       
8      203    0.666667     0.666667       2       
9      204    0.666667     0.666667       2       
10     201    0.500000     0.500000       1       
11     47     0.400000     0.400000       2       
12     30     0.333333     0.333333       1       
13     35     0.333333     0.000000       1       
14     36     0.333333     0.000000       1       
15     196    0.258993     0.028777       36      

LAYER 3 - TOP NODES BY RELEVANCE:
--------------------------------------------------------------------------------
Rank   Node   Relevance    ExclusiveRel   Degree  
--------------------------------------------------------------------------------
1      36     0.333333     0.000000       1       
2      192    0.285714     0.000000       4       
3      150    0.257143     0.142857       9       
4      14     0.250000     0.250000       1       
5      84     0.227273     0.113636       10      
6      181    0.222222     0.166667       4       
7      87     0.216216     0.108108       8       
8      81     0.200000     0.000000       3       
9      41     0.191489     0.021277       9       
10     90     0.181818     0.000000       4       
11     101    0.171429     0.028571       6       
12     117    0.156250     0.062500       5       
13     175    0.156250     0.031250       5       
14     139    0.153846     0.038462       4       
15     144    0.153846     0.000000       2       

LAYER 4 - TOP NODES BY RELEVANCE:
--------------------------------------------------------------------------------
Rank   Node   Relevance    ExclusiveRel   Degree  
--------------------------------------------------------------------------------
1      196    0.906475     0.136691       126     
2      195    0.795455     0.106061       105     
3      216    0.500000     0.250000       2       
4      128    0.377049     0.229508       23      
5      12     0.333333     0.333333       1       
6      34     0.333333     0.333333       1       
7      209    0.333333     0.333333       1       
8      213    0.333333     0.333333       1       
9      125    0.323529     0.264706       11      
10     80     0.285714     0.142857       2       
11     31     0.250000     0.250000       1       
12     190    0.250000     0.250000       2       
13     127    0.214286     0.047619       18      
14     53     0.181818     0.045455       4       
15     74     0.181818     0.090909       2       

LAYER 5 - TOP NODES BY RELEVANCE:
--------------------------------------------------------------------------------
Rank   Node   Relevance    ExclusiveRel   Degree  
--------------------------------------------------------------------------------
1      193    0.500000     0.500000       1       
2      195    0.401515     0.030303       53      
3      196    0.345324     0.021583       48      
4      7      0.333333     0.000000       1       
5      27     0.333333     0.333333       1       
6      28     0.333333     0.333333       1       
7      30     0.333333     0.333333       1       
8      34     0.333333     0.333333       1       
9      35     0.333333     0.000000       1       
10     113    0.305556     0.194444       11      
11     186    0.269231     0.076923       14      
12     182    0.261905     0.119048       11      
13     5      0.250000     0.250000       1       
14     32     0.250000     0.250000       1       
15     200    0.250000     0.250000       1       

LAYER 6 - TOP NODES BY RELEVANCE:
--------------------------------------------------------------------------------
Rank   Node   Relevance    ExclusiveRel   Degree  
--------------------------------------------------------------------------------
1      119    0.753846     0.753846       49      
2      24     0.500000     0.500000       1       
3      6      0.333333     0.333333       1       
4      25     0.333333     0.333333       1       
5      27     0.333333     0.333333       1       
6      29     0.333333     0.333333       1       
7      34     0.333333     0.333333       1       
8      35     0.333333     0.333333       1       
9      36     0.333333     0.333333       1       
10     37     0.333333     0.333333       1       
11     210    0.333333     0.000000       1       
12     17     0.250000     0.250000       1       
13     31     0.250000     0.000000       1       
14     212    0.250000     0.250000       1       
15     15     0.200000     0.000000       1       

LAYER 7 - TOP NODES BY RELEVANCE:
--------------------------------------------------------------------------------
Rank   Node   Relevance    ExclusiveRel   Degree  
--------------------------------------------------------------------------------
1      195    0.689394     0.037879       91      
2      196    0.654676     0.014388       91      
3      129    0.440000     0.013333       33      
4      126    0.389610     0.064935       30      
5      127    0.369048     0.023810       31      
6      1      0.333333     0.000000       1       
7      76     0.294118     0.058824       5       
8      216    0.250000     0.000000       1       
9      90     0.227273     0.045455       5       
10     66     0.217391     0.000000       5       
11     81     0.200000     0.133333       3       
12     111    0.190476     0.000000       4       
13     163    0.181818     0.000000       2       
14     165    0.181818     0.000000       2       
15     60     0.178571     0.000000       5       

LAYER 8 - TOP NODES BY RELEVANCE:
--------------------------------------------------------------------------------
Rank   Node   Relevance    ExclusiveRel   Degree  
--------------------------------------------------------------------------------
1      24     0.500000     0.000000       1       
2      1      0.333333     0.000000       1       
3      18     0.333333     0.333333       1       
4      25     0.333333     0.333333       1       
5      27     0.333333     0.333333       1       
6      33     0.333333     0.333333       1       
7      20     0.250000     0.250000       1       
8      32     0.250000     0.250000       1       
9      104    0.194444     0.166667       7       
10     74     0.181818     0.090909       2       
11     116    0.181818     0.045455       8       
12     23     0.142857     0.142857       1       
13     161    0.133333     0.066667       2       
14     61     0.117647     0.000000       2       
15     55     0.111111     0.055556       2       

LAYER 9 - TOP NODES BY RELEVANCE:
--------------------------------------------------------------------------------
Rank   Node   Relevance    ExclusiveRel   Degree  
--------------------------------------------------------------------------------
1      214    1.000000     0.000000       1       
2      215    1.000000     0.000000       1       
3      129    0.733333     0.240000       55      
4      127    0.702381     0.250000       59      
5      126    0.688312     0.311688       53      
6      13     0.666667     0.000000       2       
7      4      0.500000     0.000000       2       
8      16     0.500000     0.000000       2       
9      193    0.500000     0.500000       1       
10     201    0.500000     0.000000       1       
11     165    0.454545     0.090909       5       
12     137    0.436364     0.018182       24      
13     23     0.428571     0.000000       3       
14     10     0.400000     0.200000       2       
15     15     0.400000     0.000000       2       

LAYER 10 - TOP NODES BY RELEVANCE:
--------------------------------------------------------------------------------
Rank   Node   Relevance    ExclusiveRel   Degree  
--------------------------------------------------------------------------------
1      172    0.461538     0.115385       12      
2      110    0.388889     0.055556       7       
3      28     0.333333     0.000000       1       
4      29     0.333333     0.333333       1       
5      61     0.294118     0.117647       5       
6      89     0.291667     0.020833       14      
7      19     0.250000     0.250000       1       
8      188    0.238095     0.000000       15      
9      187    0.222222     0.055556       4       
10     208    0.222222     0.000000       2       
11     136    0.218750     0.156250       7       
12     10     0.200000     0.000000       1       
13     81     0.200000     0.000000       3       
14     137    0.200000     0.072727       11      
15     167    0.187500     0.000000       3       

LAYER 11 - TOP NODES BY RELEVANCE:
--------------------------------------------------------------------------------
Rank   Node   Relevance    ExclusiveRel   Degree  
--------------------------------------------------------------------------------
1      4      0.750000     0.000000       3       
2      23     0.428571     0.000000       3       
3      48     0.428571     0.000000       9       
4      102    0.402985     0.000000       27      
5      38     0.400000     0.000000       2       
6      42     0.380952     0.000000       8       
7      41     0.361702     0.000000       17      
8      66     0.347826     0.000000       8       
9      1      0.333333     0.000000       1       
10     6      0.333333     0.333333       1       
11     11     0.333333     0.000000       3       
12     13     0.333333     0.000000       1       
13     28     0.333333     0.000000       1       
14     33     0.333333     0.000000       1       
15     92     0.316667     0.016667       19      

LAYER 12 - TOP NODES BY RELEVANCE:
--------------------------------------------------------------------------------
Rank   Node   Relevance    ExclusiveRel   Degree  
--------------------------------------------------------------------------------
1      214    1.000000     0.000000       1       
2      215    1.000000     0.000000       1       
3      1      0.666667     0.333333       2       
4      12     0.666667     0.333333       2       
5      209    0.666667     0.000000       2       
6      213    0.666667     0.000000       2       
7      15     0.600000     0.400000       3       
8      211    0.600000     0.200000       3       
9      137    0.563636     0.127273       31      
10     26     0.555556     0.444444       5       
11     24     0.500000     0.000000       1       
12     201    0.500000     0.000000       1       
13     165    0.454545     0.000000       5       
14     208    0.444444     0.222222       4       
15     21     0.428571     0.142857       3       

LAYER 13 - TOP NODES BY RELEVANCE:
--------------------------------------------------------------------------------
Rank   Node   Relevance    ExclusiveRel   Degree  
--------------------------------------------------------------------------------
1      90     0.181818     0.000000       4       
2      60     0.178571     0.000000       5       
3      39     0.157895     0.000000       3       
4      48     0.142857     0.000000       3       
5      105    0.142857     0.000000       1       
6      92     0.133333     0.000000       8       
7      41     0.127660     0.000000       6       
8      100    0.125000     0.000000       5       
9      11     0.111111     0.000000       1       
10     87     0.108108     0.000000       4       
11     85     0.107143     0.035714       3       
12     152    0.107143     0.035714       3       
13     94     0.105263     0.000000       2       
14     102    0.104478     0.000000       7       
15     72     0.095238     0.000000       2       

LAYER 14 - TOP NODES BY RELEVANCE:
--------------------------------------------------------------------------------
Rank   Node   Relevance    ExclusiveRel   Degree  
--------------------------------------------------------------------------------
1      4      0.500000     0.250000       2       
2      5      0.500000     0.500000       2       
3      190    0.375000     0.250000       3       
4      63     0.366667     0.133333       11      
5      102    0.343284     0.029851       23      
6      1      0.333333     0.000000       1       
7      28     0.333333     0.000000       1       
8      48     0.333333     0.047619       7       
9      104    0.305556     0.000000       11      
10     80     0.285714     0.000000       2       
11     105    0.285714     0.142857       2       
12     103    0.282051     0.153846       11      
13     165    0.272727     0.000000       3       
14     87     0.270270     0.027027       10      
15     66     0.260870     0.000000       6       

LAYER 15 - TOP NODES BY RELEVANCE:
--------------------------------------------------------------------------------
Rank   Node   Relevance    ExclusiveRel   Degree  
--------------------------------------------------------------------------------
1      36     0.333333     0.000000       1       
2      128    0.262295     0.049180       16      
3      2      0.250000     0.000000       1       
4      14     0.250000     0.000000       1       
5      89     0.208333     0.062500       10      
6      188    0.206349     0.000000       13      
7      202    0.200000     0.000000       1       
8      166    0.176471     0.058824       3       
9      186    0.173077     0.000000       9       
10     22     0.166667     0.000000       1       
11     179    0.150000     0.050000       3       
12     21     0.142857     0.000000       1       
13     80     0.142857     0.000000       1       
14     67     0.137931     0.000000       4       
15     142    0.137931     0.000000       4       

LAYER 16 - TOP NODES BY RELEVANCE:
--------------------------------------------------------------------------------
Rank   Node   Relevance    ExclusiveRel   Degree  
--------------------------------------------------------------------------------
1      36     0.666667     0.000000       2       
2      176    0.409091     0.318182       9       
3      9      0.333333     0.333333       1       
4      13     0.333333     0.333333       1       
5      30     0.333333     0.333333       1       
6      35     0.333333     0.333333       1       
7      170    0.312500     0.062500       5       
8      155    0.294118     0.176471       5       
9      50     0.272727     0.090909       3       
10     132    0.269231     0.115385       7       
11     31     0.250000     0.000000       1       
12     159    0.243902     0.121951       10      
13     142    0.241379     0.137931       7       
14     184    0.227273     0.181818       5       
15     26     0.222222     0.111111       2       

LAYER 17 - TOP NODES BY RELEVANCE:
--------------------------------------------------------------------------------
Rank   Node   Relevance    ExclusiveRel   Degree  
--------------------------------------------------------------------------------
1      21     0.285714     0.000000       2       
2      38     0.200000     0.000000       1       
3      43     0.200000     0.000000       4       
4      46     0.200000     0.000000       3       
5      22     0.166667     0.000000       1       
6      92     0.166667     0.000000       10      
7      104    0.166667     0.000000       6       
8      40     0.142857     0.000000       1       
9      186    0.134615     0.000000       7       
10     81     0.133333     0.000000       2       
11     76     0.117647     0.000000       2       
12     55     0.111111     0.000000       2       
13     100    0.100000     0.025000       4       
14     107    0.100000     0.033333       3       
15     42     0.095238     0.000000       2       

LAYER 18 - TOP NODES BY RELEVANCE:
--------------------------------------------------------------------------------
Rank   Node   Relevance    ExclusiveRel   Degree  
--------------------------------------------------------------------------------
1      36     0.666667     0.000000       2       
2      209    0.666667     0.000000       2       
3      201    0.500000     0.000000       1       
4      76     0.352941     0.176471       6       
5      18     0.333333     0.333333       1       
6      208    0.333333     0.000000       3       
7      80     0.285714     0.000000       2       
8      59     0.279070     0.093023       12      
9      45     0.272727     0.272727       3       
10     16     0.250000     0.250000       1       
11     100    0.250000     0.025000       10      
12     55     0.222222     0.111111       4       
13     46     0.200000     0.000000       3       
14     47     0.200000     0.000000       1       
15     202    0.200000     0.000000       1       

LAYER 19 - TOP NODES BY RELEVANCE:
--------------------------------------------------------------------------------
Rank   Node   Relevance    ExclusiveRel   Degree  
--------------------------------------------------------------------------------
1      43     0.100000     0.000000       2       
2      151    0.058824     0.000000       1       
3      101    0.057143     0.000000       2       
4      57     0.050000     0.000000       1       
5      100    0.050000     0.000000       2       
6      71     0.043478     0.000000       1       
7      41     0.042553     0.000000       2       
8      68     0.038462     0.000000       1       
9      85     0.035714     0.000000       1       
10     92     0.033333     0.000000       2       
11     107    0.033333     0.000000       1       
12     136    0.031250     0.000000       1       
13     123    0.030303     0.000000       1       
14     102    0.029851     0.000000       2       
15     62     0.029412     0.000000       1       

LAYER 20 - TOP NODES BY RELEVANCE:
--------------------------------------------------------------------------------
Rank   Node   Relevance    ExclusiveRel   Degree  
--------------------------------------------------------------------------------
1      38     0.600000     0.400000       3       
2      212    0.500000     0.500000       2       
3      165    0.363636     0.090909       4       
4      61     0.352941     0.058824       6       
5      28     0.333333     0.000000       1       
6      33     0.333333     0.333333       1       
7      36     0.333333     0.000000       1       
8      161    0.333333     0.066667       5       
9      203    0.333333     0.333333       1       
10     204    0.333333     0.333333       1       
11     209    0.333333     0.000000       1       
12     143    0.312500     0.104167       15      
13     64     0.285714     0.214286       4       
14     106    0.272727     0.181818       3       
15     148    0.269231     0.076923       7       

LAYER 21 - TOP NODES BY RELEVANCE:
--------------------------------------------------------------------------------
Rank   Node   Relevance    ExclusiveRel   Degree  
--------------------------------------------------------------------------------
1      7      0.333333     0.333333       1       
2      13     0.333333     0.000000       1       
3      36     0.333333     0.000000       1       
4      37     0.333333     0.333333       1       
5      2      0.250000     0.000000       1       
6      17     0.250000     0.250000       1       
7      31     0.250000     0.000000       1       
8      190    0.250000     0.000000       2       
9      188    0.238095     0.000000       15      
10     10     0.200000     0.200000       1       
11     202    0.200000     0.000000       1       
12     136    0.187500     0.000000       6       
13     175    0.187500     0.000000       6       
14     120    0.181818     0.000000       4       
15     67     0.172414     0.000000       5       

LAYER 22 - TOP NODES BY RELEVANCE:
--------------------------------------------------------------------------------
Rank   Node   Relevance    ExclusiveRel   Degree  
--------------------------------------------------------------------------------
1      49     0.411765     0.117647       7       
2      171    0.333333     0.055556       6       
3      84     0.318182     0.068182       14      
4      168    0.314286     0.057143       11      
5      40     0.285714     0.285714       2       
6      115    0.266667     0.200000       4       
7      102    0.253731     0.029851       17      
8      2      0.250000     0.000000       1       
9      3      0.250000     0.250000       1       
10     14     0.250000     0.000000       1       
11     92     0.233333     0.033333       14      
12     172    0.230769     0.038462       6       
13     188    0.222222     0.000000       14      
14     118    0.214286     0.071429       3       
15     108    0.212121     0.000000       7       

LAYER 23 - TOP NODES BY RELEVANCE:
--------------------------------------------------------------------------------
Rank   Node   Relevance    ExclusiveRel   Degree  
--------------------------------------------------------------------------------
1      31     0.250000     0.000000       1       
2      43     0.200000     0.000000       4       
3      41     0.191489     0.000000       9       
4      98     0.166667     0.027778       6       
5      93     0.160000     0.000000       4       
6      138    0.157895     0.000000       3       
7      100    0.150000     0.000000       6       
8      114    0.142857     0.142857       1       
9      118    0.142857     0.000000       2       
10     102    0.119403     0.000000       8       
11     59     0.116279     0.000000       5       
12     101    0.114286     0.000000       4       
13     104    0.111111     0.000000       4       
14     109    0.100000     0.000000       3       
15     111    0.095238     0.000000       2       

LAYER 24 - TOP NODES BY RELEVANCE:
--------------------------------------------------------------------------------
Rank   Node   Relevance    ExclusiveRel   Degree  
--------------------------------------------------------------------------------
1      209    0.666667     0.000000       2       
2      201    0.500000     0.000000       1       
3      12     0.333333     0.000000       1       
4      36     0.333333     0.000000       1       
5      210    0.333333     0.333333       1       
6      55     0.277778     0.055556       5       
7      43     0.250000     0.100000       5       
8      190    0.250000     0.000000       2       
9      120    0.227273     0.000000       5       
10     88     0.222222     0.138889       8       
11     141    0.210526     0.105263       4       
12     59     0.209302     0.046512       9       
13     10     0.200000     0.000000       1       
14     47     0.200000     0.000000       1       
15     101    0.200000     0.000000       7       

LAYER 25 - TOP NODES BY RELEVANCE:
--------------------------------------------------------------------------------
Rank   Node   Relevance    ExclusiveRel   Degree  
--------------------------------------------------------------------------------
1      50     0.090909     0.000000       1       
2      101    0.085714     0.000000       3       
3      100    0.075000     0.000000       3       
4      102    0.059701     0.000000       4       
5      49     0.058824     0.000000       1       
6      187    0.055556     0.000000       1       
7      39     0.052632     0.000000       1       
8      43     0.050000     0.000000       1       
9      57     0.050000     0.000000       1       
10     83     0.045455     0.045455       1       
11     41     0.042553     0.000000       2       
12     93     0.040000     0.000000       1       
13     68     0.038462     0.000000       1       
14     92     0.033333     0.000000       2       
15     95     0.033333     0.000000       1       

LAYER 26 - TOP NODES BY RELEVANCE:
--------------------------------------------------------------------------------
Rank   Node   Relevance    ExclusiveRel   Degree  
--------------------------------------------------------------------------------
1      36     0.333333     0.000000       1       
2      209    0.333333     0.000000       1       
3      153    0.285714     0.071429       8       
4      88     0.277778     0.083333       10      
5      67     0.275862     0.000000       8       
6      138    0.263158     0.000000       5       
7      61     0.235294     0.000000       4       
8      141    0.210526     0.000000       4       
9      69     0.208333     0.083333       5       
10     109    0.200000     0.000000       6       
11     177    0.192308     0.000000       5       
12     167    0.187500     0.000000       3       
13     60     0.178571     0.000000       5       
14     135    0.177778     0.022222       8       
15     142    0.172414     0.000000       5       

LAYER 27 - TOP NODES BY RELEVANCE:
--------------------------------------------------------------------------------
Rank   Node   Relevance    ExclusiveRel   Degree  
--------------------------------------------------------------------------------
1      36     0.333333     0.000000       1       
2      134    0.260870     0.086957       6       
3      192    0.214286     0.071429       3       
4      140    0.194444     0.055556       7       
5      148    0.192308     0.076923       5       
6      61     0.176471     0.000000       3       
7      110    0.166667     0.000000       3       
8      180    0.166667     0.083333       4       
9      132    0.153846     0.038462       4       
10     80     0.142857     0.000000       1       
11     73     0.130435     0.043478       3       
12     185    0.130435     0.043478       3       
13     170    0.125000     0.062500       2       
14     65     0.120000     0.000000       3       
15     75     0.120000     0.000000       3       

LAYER 28 - TOP NODES BY RELEVANCE:
--------------------------------------------------------------------------------
Rank   Node   Relevance    ExclusiveRel   Degree  
--------------------------------------------------------------------------------
1      11     0.444444     0.333333       4       
2      49     0.411765     0.117647       7       
3      28     0.333333     0.000000       1       
4      103    0.307692     0.076923       12      
5      39     0.263158     0.105263       5       
6      19     0.250000     0.000000       1       
7      20     0.250000     0.000000       1       
8      57     0.250000     0.150000       5       
9      108    0.242424     0.000000       8       
10     75     0.240000     0.120000       6       
11     99     0.235294     0.117647       8       
12     98     0.222222     0.111111       8       
13     101    0.200000     0.057143       7       
14     102    0.194030     0.014925       13      
15     92     0.183333     0.066667       11      

LAYER 29 - TOP NODES BY RELEVANCE:
--------------------------------------------------------------------------------
Rank   Node   Relevance    ExclusiveRel   Degree  
--------------------------------------------------------------------------------
1      209    0.333333     0.000000       1       
2      178    0.285714     0.071429       4       
3      200    0.250000     0.250000       1       
4      140    0.222222     0.027778       8       
5      118    0.214286     0.000000       3       
6      182    0.214286     0.023810       9       
7      141    0.210526     0.000000       4       
8      150    0.200000     0.057143       7       
9      61     0.176471     0.000000       3       
10     130    0.176471     0.058824       3       
11     67     0.172414     0.034483       5       
12     174    0.166667     0.000000       2       
13     78     0.160000     0.000000       4       
14     39     0.157895     0.000000       3       
15     147    0.157895     0.052632       3       

LAYER 30 - TOP NODES BY RELEVANCE:
--------------------------------------------------------------------------------
Rank   Node   Relevance    ExclusiveRel   Degree  
--------------------------------------------------------------------------------
1      202    0.400000     0.000000       2       
2      135    0.288889     0.022222       13      
3      192    0.285714     0.000000       4       
4      146    0.283019     0.037736       15      
5      181    0.277778     0.000000       5       
6      200    0.250000     0.000000       1       
7      154    0.222222     0.000000       4       
8      171    0.222222     0.000000       4       
9      175    0.218750     0.031250       7       
10     149    0.216216     0.000000       8       
11     153    0.214286     0.000000       6       
12     50     0.181818     0.000000       2       
13     160    0.178571     0.000000       5       
14     134    0.173913     0.043478       4       
15     173    0.162162     0.000000       6       

LAYER 31 - TOP NODES BY RELEVANCE:
--------------------------------------------------------------------------------
Rank   Node   Relevance    ExclusiveRel   Degree  
--------------------------------------------------------------------------------
1      215    1.000000     0.000000       1       
2      28     0.333333     0.000000       1       
3      213    0.333333     0.000000       1       
4      134    0.304348     0.086957       7       
5      14     0.250000     0.000000       1       
6      19     0.250000     0.000000       1       
7      20     0.250000     0.000000       1       
8      118    0.214286     0.071429       3       
9      47     0.200000     0.000000       1       
10     211    0.200000     0.000000       1       
11     154    0.166667     0.055556       3       
12     147    0.157895     0.105263       3       
13     136    0.156250     0.093750       5       
14     162    0.150000     0.050000       6       
15     80     0.142857     0.000000       1       

LAYER 32 - TOP NODES BY RELEVANCE:
--------------------------------------------------------------------------------
Rank   Node   Relevance    ExclusiveRel   Degree  
--------------------------------------------------------------------------------
1      9      0.333333     0.333333       1       
2      181    0.166667     0.000000       3       
3      138    0.157895     0.000000       3       
4      160    0.142857     0.000000       4       
5      173    0.135135     0.000000       5       
6      134    0.130435     0.000000       3       
7      183    0.129032     0.064516       4       
8      117    0.125000     0.000000       4       
9      108    0.121212     0.030303       4       
10     65     0.120000     0.040000       3       
11     62     0.117647     0.058824       4       
12     164    0.100000     0.050000       2       
13     186    0.096154     0.000000       5       
14     146    0.094340     0.000000       5       
15     106    0.090909     0.090909       1       

LAYER 33 - TOP NODES BY RELEVANCE:
--------------------------------------------------------------------------------
Rank   Node   Relevance    ExclusiveRel   Degree  
--------------------------------------------------------------------------------
1      201    0.500000     0.000000       1       
2      41     0.404255     0.000000       19      
3      202    0.400000     0.000000       2       
4      135    0.355556     0.088889       16      
5      92     0.333333     0.000000       20      
6      125    0.323529     0.088235       11      
7      167    0.312500     0.062500       5       
8      173    0.297297     0.081081       11      
9      192    0.285714     0.000000       4       
10     102    0.283582     0.000000       19      
11     171    0.277778     0.055556       5       
12     134    0.260870     0.043478       6       
13     174    0.250000     0.166667       3       
14     191    0.250000     0.062500       4       
15     200    0.250000     0.000000       1       

LAYER 34 - TOP NODES BY RELEVANCE:
--------------------------------------------------------------------------------
Rank   Node   Relevance    ExclusiveRel   Degree  
--------------------------------------------------------------------------------
1      215    1.000000     0.000000       1       
2      209    0.666667     0.000000       2       
3      210    0.333333     0.000000       1       
4      213    0.333333     0.000000       1       
5      211    0.200000     0.000000       1       
6      151    0.176471     0.058824       3       
7      52     0.173913     0.021739       8       
8      71     0.173913     0.043478       4       
9      134    0.173913     0.000000       4       
10     149    0.162162     0.081081       6       
11     164    0.150000     0.100000       3       
12     80     0.142857     0.000000       1       
13     59     0.139535     0.023256       6       
14     97     0.125000     0.000000       3       
15     100    0.125000     0.025000       5       

LAYER 35 - TOP NODES BY RELEVANCE:
--------------------------------------------------------------------------------
Rank   Node   Relevance    ExclusiveRel   Degree  
--------------------------------------------------------------------------------
1      3      0.250000     0.000000       1       
2      133    0.214286     0.142857       3       
3      147    0.157895     0.000000       3       
4      164    0.150000     0.000000       3       
5      114    0.142857     0.142857       1       
6      118    0.142857     0.000000       2       
7      167    0.125000     0.000000       2       
8      93     0.120000     0.000000       3       
9      49     0.117647     0.000000       2       
10     189    0.111111     0.000000       1       
11     162    0.100000     0.000000       4       
12     146    0.094340     0.037736       5       
13     117    0.093750     0.031250       3       
14     175    0.093750     0.000000       3       
15     45     0.090909     0.000000       1       

LAYER 36 - TOP NODES BY RELEVANCE:
--------------------------------------------------------------------------------
Rank   Node   Relevance    ExclusiveRel   Degree  
--------------------------------------------------------------------------------
1      92     0.333333     0.033333       20      
2      102    0.298507     0.000000       20      
3      41     0.234043     0.000000       11      
4      122    0.212121     0.151515       7       
5      147    0.210526     0.157895       4       
6      0      0.200000     0.000000       2       
7      167    0.187500     0.062500       3       
8      106    0.181818     0.090909       2       
9      42     0.142857     0.000000       3       
10     48     0.142857     0.000000       3       
11     101    0.142857     0.000000       5       
12     111    0.142857     0.000000       3       
13     98     0.138889     0.027778       5       
14     44     0.133333     0.066667       2       
15     104    0.111111     0.027778       4       

LAYER 37 - TOP NODES BY RELEVANCE:
--------------------------------------------------------------------------------
Rank   Node   Relevance    ExclusiveRel   Degree  
--------------------------------------------------------------------------------
1      3      0.250000     0.000000       1       
2      178    0.071429     0.000000       1       
3      167    0.062500     0.000000       1       
4      157    0.055556     0.000000       1       
5      94     0.052632     0.000000       1       
6      147    0.052632     0.000000       1       
7      135    0.044444     0.000000       2       
8      177    0.038462     0.000000       1       
9      160    0.035714     0.000000       1       
10     117    0.031250     0.000000       1       
11     158    0.030303     0.000000       1       
12     168    0.028571     0.000000       1       
13     149    0.027027     0.000000       1       
14     0      0.000000     0.000000       0       
15     1      0.000000     0.000000       0       

LAYER 38 - TOP NODES BY RELEVANCE:
--------------------------------------------------------------------------------
Rank   Node   Relevance    ExclusiveRel   Degree  
--------------------------------------------------------------------------------
1      0      0.300000     0.100000       3       
2      174    0.250000     0.083333       3       
3      191    0.250000     0.062500       4       
4      135    0.222222     0.066667       10      
5      202    0.200000     0.000000       1       
6      188    0.174603     0.095238       11      
7      144    0.153846     0.000000       2       
8      44     0.133333     0.133333       2       
9      183    0.129032     0.032258       4       
10     167    0.125000     0.000000       2       
11     93     0.120000     0.080000       3       
12     125    0.117647     0.029412       4       
13     130    0.117647     0.058824       2       
14     166    0.117647     0.058824       2       
15     187    0.111111     0.055556       2       

LAYER 39 - TOP NODES BY RELEVANCE:
--------------------------------------------------------------------------------
Rank   Node   Relevance    ExclusiveRel   Degree  
--------------------------------------------------------------------------------
1      80     0.142857     0.142857       1       
2      0      0.100000     0.100000       1       
3      118    0.071429     0.000000       1       
4      164    0.050000     0.000000       1       
5      96     0.047619     0.000000       1       
6      116    0.045455     0.045455       2       
7      146    0.037736     0.000000       2       
8      63     0.033333     0.000000       1       
9      95     0.033333     0.033333       1       
10     188    0.031746     0.000000       2       
11     122    0.030303     0.000000       1       
12     123    0.030303     0.030303       1       
13     104    0.027778     0.000000       1       
14     121    0.023256     0.023256       1       
15     84     0.022727     0.000000       1       

LAYER 40 - TOP NODES BY RELEVANCE:
--------------------------------------------------------------------------------
Rank   Node   Relevance    ExclusiveRel   Degree  
--------------------------------------------------------------------------------
1      105    0.142857     0.000000       1       
2      192    0.142857     0.000000       2       
3      106    0.090909     0.000000       1       
4      116    0.090909     0.000000       4       
5      177    0.076923     0.000000       2       
6      181    0.055556     0.000000       1       
7      107    0.033333     0.000000       1       
8      113    0.027778     0.000000       1       
9      149    0.027027     0.000000       1       
10     0      0.000000     0.000000       0       
11     1      0.000000     0.000000       0       
12     2      0.000000     0.000000       0       
13     3      0.000000     0.000000       0       
14     4      0.000000     0.000000       0       
15     5      0.000000     0.000000       0       

LAYER 41 - TOP NODES BY RELEVANCE:
--------------------------------------------------------------------------------
Rank   Node   Relevance    ExclusiveRel   Degree  
--------------------------------------------------------------------------------
1      105    0.142857     0.000000       1       
2      177    0.038462     0.000000       1       
3      0      0.000000     0.000000       0       
4      1      0.000000     0.000000       0       
5      2      0.000000     0.000000       0       
6      3      0.000000     0.000000       0       
7      4      0.000000     0.000000       0       
8      5      0.000000     0.000000       0       
9      6      0.000000     0.000000       0       
10     7      0.000000     0.000000       0       
11     8      0.000000     0.000000       0       
12     9      0.000000     0.000000       0       
13     10     0.000000     0.000000       0       
14     11     0.000000     0.000000       0       
15     12     0.000000     0.000000       0       

LAYER 42 - TOP NODES BY RELEVANCE:
--------------------------------------------------------------------------------
Rank   Node   Relevance    ExclusiveRel   Degree  
--------------------------------------------------------------------------------
1      192    0.142857     0.000000       2       
2      116    0.113636     0.000000       5       
3      106    0.090909     0.000000       1       
4      145    0.080000     0.000000       2       
5      64     0.071429     0.000000       1       
6      181    0.055556     0.000000       1       
7      149    0.054054     0.027027       2       
8      43     0.050000     0.000000       1       
9      177    0.038462     0.000000       1       
10     107    0.033333     0.000000       1       
11     183    0.032258     0.032258       1       
12     175    0.031250     0.000000       1       
13     158    0.030303     0.030303       1       
14     62     0.029412     0.000000       1       
15     113    0.027778     0.000000       1       

================================================================================
Legend:
  OccCent  = Occupation Centrality (from random walk)
  TotDeg   = Total degree across all layers
  AvgRel   = Average relevance across all layers
  AvgExRel = Average exclusive relevance across all layers
  Relevance = Fraction of node's neighbors in this layer
  ExclusiveRel = Fraction of neighbors unique to this layer
================================================================================
