================================================================================
TOP 15 NODES - MULTILAYER NETWORK ANALYSIS
================================================================================

TOP NODES BY OCCUPATION CENTRALITY:
--------------------------------------------------------------------------------
Rank   Node   OccCent    TotDeg   AvgRel   AvgExRel  
--------------------------------------------------------------------------------
1      14     0.028570   156      0.0409   0.0165    
2      63     0.025805   122      0.0412   0.0166    
3      23     0.023685   97       0.0320   0.0224    
4      49     0.023105   152      0.0432   0.0165    
5      21     0.019735   104      0.0356   0.0205    
6      107    0.019705   110      0.0330   0.0213    
7      6      0.019130   118      0.0409   0.0156    
8      70     0.018120   82       0.0418   0.0133    
9      65     0.017380   93       0.0387   0.0175    
10     76     0.016515   69       0.0389   0.0169    
11     77     0.016365   56       0.0309   0.0232    
12     37     0.016310   139      0.0376   0.0186    
13     25     0.015900   81       0.0342   0.0211    
14     54     0.015885   76       0.0367   0.0188    
15     82     0.015855   119      0.0397   0.0174    

TOP NODES BY AVERAGE RELEVANCE:
--------------------------------------------------------------------------------
Rank   Node   AvgRel     OccCent    TotDeg  
--------------------------------------------------------------------------------
1      109    0.054054   0.000070   2       
2      119    0.054054   0.000120   2       
3      22     0.045045   0.001260   10      
4      49     0.043243   0.023105   152     
5      70     0.041815   0.018120   82      
6      33     0.041769   0.008120   85      
7      30     0.041686   0.014145   91      
8      63     0.041216   0.025805   122     
9      35     0.041128   0.012215   70      
10     14     0.040934   0.028570   156     
11     165    0.040896   0.013245   115     
12     6      0.040887   0.019130   118     
13     110    0.040541   0.000190   3       
14     132    0.040541   0.000405   3       
15     136    0.040541   0.000385   3       

LAYER 0 - TOP NODES BY RELEVANCE:
--------------------------------------------------------------------------------
Rank   Node   Relevance    ExclusiveRel   Degree  
--------------------------------------------------------------------------------
1      404    1.000000     1.000000       1       
2      437    1.000000     1.000000       1       
3      1      0.846154     0.483516       77      
4      37     0.780000     0.490000       78      
5      303    0.666667     0.666667       2       
6      165    0.552632     0.210526       42      
7      125    0.500000     0.500000       1       
8      171    0.500000     0.500000       1       
9      180    0.431818     0.136364       19      
10     195    0.368421     0.368421       7       
11     154    0.333333     0.250000       4       
12     244    0.333333     0.333333       1       
13     33     0.309091     0.072727       17      
14     31     0.266667     0.266667       4       
15     263    0.250000     0.250000       1       

LAYER 1 - TOP NODES BY RELEVANCE:
--------------------------------------------------------------------------------
Rank   Node   Relevance    ExclusiveRel   Degree  
--------------------------------------------------------------------------------
1      182    1.000000     1.000000       4       
2      223    1.000000     1.000000       19      
3      239    1.000000     1.000000       28      
4      254    1.000000     1.000000       16      
5      261    1.000000     0.777778       9       
6      262    1.000000     1.000000       2       
7      323    1.000000     1.000000       2       
8      334    1.000000     1.000000       3       
9      347    1.000000     1.000000       7       
10     355    1.000000     1.000000       6       
11     364    1.000000     1.000000       1       
12     365    1.000000     1.000000       1       
13     375    1.000000     1.000000       5       
14     400    1.000000     1.000000       2       
15     422    1.000000     1.000000       2       

LAYER 2 - TOP NODES BY RELEVANCE:
--------------------------------------------------------------------------------
Rank   Node   Relevance    ExclusiveRel   Degree  
--------------------------------------------------------------------------------
1      20     0.833333     0.666667       15      
2      354    0.833333     0.833333       5       
3      304    0.709677     0.516129       22      
4      251    0.676768     0.464646       67      
5      402    0.666667     0.666667       2       
6      33     0.545455     0.218182       30      
7      307    0.529412     0.529412       9       
8      32     0.523810     0.523810       22      
9      208    0.500000     0.342105       19      
10     270    0.500000     0.000000       2       
11     325    0.500000     0.500000       2       
12     52     0.453125     0.375000       29      
13     8      0.444444     0.444444       8       
14     357    0.428571     0.285714       3       
15     57     0.419355     0.322581       13      

LAYER 3 - TOP NODES BY RELEVANCE:
--------------------------------------------------------------------------------
Rank   Node   Relevance    ExclusiveRel   Degree  
--------------------------------------------------------------------------------
1      70     0.811321     0.301887       43      
2      349    0.333333     0.333333       1       
3      251    0.202020     0.070707       20      
4      253    0.200000     0.000000       1       
5      88     0.142857     0.142857       1       
6      308    0.142857     0.142857       1       
7      134    0.125000     0.000000       1       
8      191    0.125000     0.125000       1       
9      48     0.111111     0.111111       1       
10     358    0.090909     0.000000       1       
11     0      0.076923     0.000000       1       
12     193    0.076923     0.076923       1       
13     266    0.066667     0.066667       1       
14     275    0.066667     0.066667       1       
15     283    0.066667     0.066667       1       

LAYER 4 - TOP NODES BY RELEVANCE:
--------------------------------------------------------------------------------
Rank   Node   Relevance    ExclusiveRel   Degree  
--------------------------------------------------------------------------------
1      23     1.000000     0.829268       82      
2      156    1.000000     1.000000       2       
3      161    1.000000     1.000000       1       
4      173    1.000000     1.000000       2       
5      190    1.000000     1.000000       1       
6      192    1.000000     1.000000       1       
7      211    1.000000     1.000000       1       
8      252    1.000000     1.000000       1       
9      367    1.000000     1.000000       2       
10     373    1.000000     1.000000       2       
11     379    1.000000     1.000000       1       
12     28     0.928571     0.857143       26      
13     158    0.750000     0.500000       3       
14     73     0.666667     0.666667       2       
15     184    0.666667     0.666667       2       

LAYER 5 - TOP NODES BY RELEVANCE:
--------------------------------------------------------------------------------
Rank   Node   Relevance    ExclusiveRel   Degree  
--------------------------------------------------------------------------------
1      242    1.000000     1.000000       2       
2      376    1.000000     1.000000       1       
3      66     0.740000     0.500000       37      
4      42     0.666667     0.583333       8       
5      90     0.666667     0.666667       2       
6      130    0.666667     0.666667       4       
7      351    0.600000     0.600000       3       
8      44     0.583333     0.458333       14      
9      71     0.521739     0.521739       12      
10     165    0.500000     0.223684       38      
11     377    0.500000     0.500000       1       
12     407    0.500000     0.500000       1       
13     92     0.400000     0.400000       2       
14     383    0.400000     0.300000       4       
15     215    0.375000     0.375000       6       

LAYER 6 - TOP NODES BY RELEVANCE:
--------------------------------------------------------------------------------
Rank   Node   Relevance    ExclusiveRel   Degree  
--------------------------------------------------------------------------------
1      415    1.000000     1.000000       1       
2      6      0.641026     0.256410       50      
3      387    0.400000     0.400000       2       
4      435    0.333333     0.333333       1       
5      325    0.250000     0.250000       1       
6      286    0.200000     0.200000       1       
7      57     0.193548     0.129032       6       
8      168    0.193548     0.129032       6       
9      69     0.166667     0.166667       1       
10     319    0.166667     0.166667       1       
11     94     0.157895     0.052632       3       
12     218    0.111111     0.000000       1       
13     62     0.100000     0.100000       1       
14     7      0.086957     0.000000       2       
15     224    0.076923     0.038462       2       

LAYER 7 - TOP NODES BY RELEVANCE:
--------------------------------------------------------------------------------
Rank   Node   Relevance    ExclusiveRel   Degree  
--------------------------------------------------------------------------------
1      175    1.000000     1.000000       2       
2      246    1.000000     1.000000       1       
3      259    1.000000     1.000000       1       
4      278    1.000000     1.000000       1       
5      294    1.000000     1.000000       1       
6      300    1.000000     1.000000       1       
7      310    1.000000     0.750000       4       
8      370    1.000000     1.000000       1       
9      417    1.000000     1.000000       1       
10     26     0.666667     0.365079       42      
11     27     0.604167     0.270833       29      
12     176    0.500000     0.250000       2       
13     185    0.500000     0.500000       1       
14     216    0.500000     0.333333       3       
15     335    0.500000     0.500000       1       

LAYER 8 - TOP NODES BY RELEVANCE:
--------------------------------------------------------------------------------
Rank   Node   Relevance    ExclusiveRel   Degree  
--------------------------------------------------------------------------------
1      120    1.000000     1.000000       1       
2      160    1.000000     1.000000       1       
3      232    1.000000     1.000000       1       
4      14     0.601942     0.291262       62      
5      244    0.333333     0.333333       1       
6      234    0.200000     0.200000       1       
7      327    0.166667     0.166667       1       
8      308    0.142857     0.142857       1       
9      191    0.125000     0.125000       1       
10     305    0.100000     0.100000       1       
11     343    0.076923     0.076923       1       
12     201    0.071429     0.071429       1       
13     31     0.066667     0.066667       1       
14     200    0.058824     0.058824       1       
15     219    0.058824     0.058824       1       

LAYER 9 - TOP NODES BY RELEVANCE:
--------------------------------------------------------------------------------
Rank   Node   Relevance    ExclusiveRel   Degree  
--------------------------------------------------------------------------------
1      236    1.000000     1.000000       2       
2      289    1.000000     1.000000       2       
3      320    1.000000     1.000000       2       
4      82     0.592593     0.308642       48      
5      79     0.567568     0.351351       21      
6      269    0.444444     0.444444       4       
7      106    0.411765     0.352941       7       
8      288    0.400000     0.200000       6       
9      224    0.384615     0.269231       10      
10     277    0.300000     0.250000       6       
11     266    0.266667     0.266667       4       
12     220    0.263158     0.157895       5       
13     215    0.250000     0.187500       4       
14     293    0.200000     0.200000       2       
15     282    0.187500     0.187500       3       

LAYER 10 - TOP NODES BY RELEVANCE:
--------------------------------------------------------------------------------
Rank   Node   Relevance    ExclusiveRel   Degree  
--------------------------------------------------------------------------------
1      360    1.000000     1.000000       1       
2      65     0.723077     0.369231       47      
3      324    0.500000     0.500000       1       
4      67     0.269231     0.230769       7       
5      100    0.150943     0.075472       8       
6      283    0.133333     0.133333       2       
7      191    0.125000     0.125000       1       
8      163    0.062500     0.062500       1       
9      282    0.062500     0.062500       1       
10     25     0.046875     0.015625       3       
11     40     0.045455     0.045455       1       
12     180    0.045455     0.022727       2       
13     47     0.043478     0.043478       1       
14     111    0.043478     0.043478       1       
15     44     0.041667     0.041667       1       

LAYER 11 - TOP NODES BY RELEVANCE:
--------------------------------------------------------------------------------
Rank   Node   Relevance    ExclusiveRel   Degree  
--------------------------------------------------------------------------------
1      312    0.500000     0.000000       1       
2      49     0.347368     0.105263       33      
3      286    0.200000     0.200000       1       
4      274    0.166667     0.000000       1       
5      319    0.166667     0.166667       1       
6      297    0.142857     0.142857       1       
7      264    0.062500     0.000000       1       
8      79     0.054054     0.000000       2       
9      40     0.045455     0.045455       1       
10     183    0.045455     0.045455       1       
11     47     0.043478     0.000000       1       
12     209    0.037037     0.037037       1       
13     54     0.035714     0.000000       2       
14     168    0.032258     0.032258       1       
15     39     0.021053     0.000000       2       

LAYER 12 - TOP NODES BY RELEVANCE:
--------------------------------------------------------------------------------
Rank   Node   Relevance    ExclusiveRel   Degree  
--------------------------------------------------------------------------------
1      257    1.000000     1.000000       2       
2      314    1.000000     1.000000       1       
3      30     0.694915     0.305085       41      
4      132    0.500000     0.000000       1       
5      136    0.500000     0.000000       1       
6      186    0.363636     0.181818       8       
7      187    0.333333     0.000000       1       
8      199    0.333333     0.000000       2       
9      241    0.333333     0.000000       1       
10     244    0.333333     0.000000       1       
11     272    0.333333     0.000000       1       
12     27     0.312500     0.083333       15      
13     97     0.312500     0.125000       5       
14     200    0.294118     0.117647       5       
15     201    0.285714     0.142857       4       

LAYER 13 - TOP NODES BY RELEVANCE:
--------------------------------------------------------------------------------
Rank   Node   Relevance    ExclusiveRel   Degree  
--------------------------------------------------------------------------------
1      124    1.000000     1.000000       1       
2      398    1.000000     1.000000       1       
3      63     0.800000     0.437500       64      
4      83     0.500000     0.500000       6       
5      85     0.500000     0.500000       1       
6      122    0.500000     0.500000       1       
7      125    0.500000     0.500000       1       
8      428    0.500000     0.500000       1       
9      91     0.250000     0.250000       1       
10     228    0.250000     0.250000       1       
11     263    0.250000     0.250000       1       
12     270    0.250000     0.250000       1       
13     386    0.250000     0.250000       1       
14     92     0.200000     0.200000       1       
15     98     0.200000     0.200000       2       

LAYER 14 - TOP NODES BY RELEVANCE:
--------------------------------------------------------------------------------
Rank   Node   Relevance    ExclusiveRel   Degree  
--------------------------------------------------------------------------------
1      4      1.000000     1.000000       11      
2      344    1.000000     1.000000       14      
3      350    1.000000     1.000000       24      
4      371    1.000000     1.000000       2       
5      408    1.000000     1.000000       1       
6      411    1.000000     1.000000       1       
7      358    0.909091     0.818182       10      
8      363    0.833333     0.833333       5       
9      352    0.750000     0.625000       6       
10     308    0.714286     0.714286       5       
11     147    0.666667     0.666667       2       
12     16     0.529412     0.411765       18      
13     327    0.500000     0.500000       3       
14     390    0.500000     0.500000       1       
15     357    0.428571     0.285714       3       

LAYER 15 - TOP NODES BY RELEVANCE:
--------------------------------------------------------------------------------
Rank   Node   Relevance    ExclusiveRel   Degree  
--------------------------------------------------------------------------------
1      395    1.000000     1.000000       3       
2      397    1.000000     1.000000       1       
3      202    0.866667     0.866667       13      
4      104    0.750000     0.750000       6       
5      116    0.750000     0.750000       3       
6      118    0.714286     0.714286       5       
7      108    0.666667     0.666667       4       
8      50     0.529412     0.529412       9       
9      34     0.500000     0.500000       11      
10     43     0.500000     0.500000       3       
11     194    0.500000     0.500000       1       
12     55     0.400000     0.400000       4       
13     115    0.400000     0.400000       2       
14     111    0.304348     0.260870       7       
15     174    0.300000     0.300000       3       

LAYER 16 - TOP NODES BY RELEVANCE:
--------------------------------------------------------------------------------
Rank   Node   Relevance    ExclusiveRel   Degree  
--------------------------------------------------------------------------------
1      381    1.000000     1.000000       1       
2      214    0.784314     0.509804       40      
3      270    0.750000     0.250000       3       
4      377    0.500000     0.500000       1       
5      146    0.406250     0.250000       13      
6      297    0.142857     0.142857       1       
7      191    0.125000     0.125000       1       
8      168    0.064516     0.064516       2       
9      94     0.052632     0.000000       1       
10     183    0.045455     0.045455       1       
11     7      0.043478     0.043478       1       
12     100    0.037736     0.037736       2       
13     58     0.037037     0.000000       1       
14     209    0.037037     0.037037       1       
15     33     0.036364     0.000000       2       

LAYER 17 - TOP NODES BY RELEVANCE:
--------------------------------------------------------------------------------
Rank   Node   Relevance    ExclusiveRel   Degree  
--------------------------------------------------------------------------------
1      21     0.544304     0.303797       43      
2      301    0.250000     0.250000       1       
3      325    0.250000     0.250000       1       
4      78     0.071429     0.071429       1       
5      282    0.062500     0.062500       1       
6      106    0.058824     0.058824       1       
7      8      0.055556     0.055556       1       
8      243    0.055556     0.055556       1       
9      277    0.050000     0.050000       1       
10     40     0.045455     0.045455       1       
11     183    0.045455     0.045455       1       
12     7      0.043478     0.043478       1       
13     29     0.041667     0.041667       1       
14     224    0.038462     0.038462       1       
15     58     0.037037     0.000000       1       

LAYER 18 - TOP NODES BY RELEVANCE:
--------------------------------------------------------------------------------
Rank   Node   Relevance    ExclusiveRel   Degree  
--------------------------------------------------------------------------------
1      150    1.000000     1.000000       1       
2      177    1.000000     1.000000       1       
3      406    1.000000     1.000000       1       
4      442    1.000000     1.000000       2       
5      446    1.000000     1.000000       2       
6      76     0.833333     0.479167       40      
7      102    0.500000     0.500000       1       
8      132    0.500000     0.000000       1       
9      136    0.500000     0.000000       1       
10     143    0.500000     0.500000       1       
11     139    0.250000     0.250000       1       
12     301    0.250000     0.250000       1       
13     354    0.166667     0.166667       1       
14     78     0.071429     0.071429       1       
15     84     0.062500     0.062500       1       

LAYER 19 - TOP NODES BY RELEVANCE:
--------------------------------------------------------------------------------
Rank   Node   Relevance    ExclusiveRel   Degree  
--------------------------------------------------------------------------------
1      41     0.745455     0.436364       41      
2      287    0.500000     0.500000       1       
3      380    0.333333     0.333333       2       
4      174    0.300000     0.100000       3       
5      29     0.250000     0.125000       6       
6      348    0.250000     0.250000       1       
7      50     0.235294     0.235294       4       
8      74     0.176471     0.058824       3       
9      345    0.166667     0.166667       1       
10     51     0.117647     0.117647       2       
11     34     0.090909     0.045455       2       
12     81     0.083333     0.083333       1       
13     0      0.076923     0.076923       1       
14     78     0.071429     0.071429       1       
15     163    0.062500     0.062500       1       

LAYER 20 - TOP NODES BY RELEVANCE:
--------------------------------------------------------------------------------
Rank   Node   Relevance    ExclusiveRel   Degree  
--------------------------------------------------------------------------------
1      312    0.500000     0.500000       1       
2      297    0.428571     0.285714       3       
3      183    0.318182     0.272727       7       
4      39     0.305263     0.094737       29      
5      164    0.250000     0.250000       2       
6      286    0.200000     0.200000       1       
7      36     0.185185     0.111111       5       
8      209    0.185185     0.111111       5       
9      274    0.166667     0.000000       1       
10     319    0.166667     0.166667       1       
11     168    0.161290     0.129032       5       
12     7      0.130435     0.130435       3       
13     264    0.125000     0.062500       2       
14     210    0.100000     0.050000       4       
15     95     0.098039     0.019608       5       

LAYER 21 - TOP NODES BY RELEVANCE:
--------------------------------------------------------------------------------
Rank   Node   Relevance    ExclusiveRel   Degree  
--------------------------------------------------------------------------------
1      273    1.000000     1.000000       2       
2      280    1.000000     1.000000       2       
3      337    1.000000     1.000000       1       
4      338    1.000000     1.000000       1       
5      340    1.000000     1.000000       3       
6      369    1.000000     1.000000       2       
7      374    1.000000     1.000000       1       
8      440    1.000000     1.000000       1       
9      328    0.666667     0.333333       2       
10     312    0.500000     0.000000       1       
11     319    0.500000     0.500000       3       
12     164    0.375000     0.250000       3       
13     302    0.375000     0.250000       3       
14     49     0.336842     0.157895       32      
15     183    0.272727     0.227273       6       

LAYER 22 - TOP NODES BY RELEVANCE:
--------------------------------------------------------------------------------
Rank   Node   Relevance    ExclusiveRel   Degree  
--------------------------------------------------------------------------------
1      311    0.588235     0.470588       10      
2      194    0.500000     0.500000       1       
3      107    0.444444     0.277778       40      
4      48     0.333333     0.333333       3       
5      20     0.277778     0.111111       5       
6      253    0.200000     0.200000       1       
7      333    0.166667     0.166667       1       
8      172    0.085714     0.028571       3       
9      95     0.078431     0.000000       4       
10     70     0.075472     0.056604       4       
11     106    0.058824     0.058824       1       
12     94     0.052632     0.052632       1       
13     251    0.050505     0.020202       5       
14     7      0.043478     0.043478       1       
15     29     0.041667     0.000000       1       

LAYER 23 - TOP NODES BY RELEVANCE:
--------------------------------------------------------------------------------
Rank   Node   Relevance    ExclusiveRel   Degree  
--------------------------------------------------------------------------------
1      438    1.000000     1.000000       1       
2      2      0.649123     0.508772       37      
3      171    0.500000     0.500000       1       
4      121    0.360000     0.160000       18      
5      53     0.250000     0.178571       7       
6      218    0.222222     0.222222       2       
7      46     0.200000     0.200000       1       
8      55     0.200000     0.100000       2       
9      154    0.166667     0.166667       2       
10     32     0.142857     0.119048       6       
11     203    0.142857     0.142857       1       
12     202    0.133333     0.133333       2       
13     220    0.105263     0.105263       2       
14     64     0.080000     0.040000       2       
15     193    0.076923     0.076923       1       

LAYER 24 - TOP NODES BY RELEVANCE:
--------------------------------------------------------------------------------
Rank   Node   Relevance    ExclusiveRel   Degree  
--------------------------------------------------------------------------------
1      394    1.000000     1.000000       1       
2      35     0.782609     0.413043       36      
3      153    0.750000     0.500000       3       
4      22     0.666667     0.166667       4       
5      144    0.500000     0.500000       1       
6      149    0.500000     0.500000       1       
7      217    0.500000     0.500000       2       
8      123    0.400000     0.200000       2       
9      15     0.333333     0.166667       12      
10     73     0.333333     0.000000       1       
11     93     0.333333     0.000000       2       
12     184    0.333333     0.333333       1       
13     5      0.310345     0.137931       9       
14     127    0.250000     0.250000       1       
15     12     0.200000     0.200000       1       

LAYER 25 - TOP NODES BY RELEVANCE:
--------------------------------------------------------------------------------
Rank   Node   Relevance    ExclusiveRel   Degree  
--------------------------------------------------------------------------------
1      315    1.000000     1.000000       1       
2      359    1.000000     1.000000       21      
3      368    1.000000     1.000000       7       
4      382    1.000000     1.000000       6       
5      385    1.000000     1.000000       11      
6      391    1.000000     1.000000       2       
7      393    1.000000     1.000000       2       
8      396    1.000000     1.000000       3       
9      401    1.000000     1.000000       4       
10     413    1.000000     1.000000       2       
11     421    1.000000     1.000000       2       
12     439    1.000000     1.000000       4       
13     441    1.000000     1.000000       1       
14     444    1.000000     1.000000       1       
15     238    0.833333     0.833333       5       

LAYER 26 - TOP NODES BY RELEVANCE:
--------------------------------------------------------------------------------
Rank   Node   Relevance    ExclusiveRel   Degree  
--------------------------------------------------------------------------------
1      388    1.000000     1.000000       4       
2      436    1.000000     1.000000       2       
3      317    0.866667     0.866667       13      
4      432    0.666667     0.666667       2       
5      159    0.400000     0.400000       2       
6      274    0.333333     0.333333       2       
7      59     0.300000     0.300000       3       
8      212    0.291667     0.166667       7       
9      14     0.281553     0.165049       29      
10     164    0.250000     0.125000       2       
11     302    0.250000     0.250000       2       
12     227    0.200000     0.200000       1       
13     306    0.200000     0.200000       1       
14     332    0.200000     0.200000       1       
15     240    0.181818     0.181818       2       

LAYER 27 - TOP NODES BY RELEVANCE:
--------------------------------------------------------------------------------
Rank   Node   Relevance    ExclusiveRel   Degree  
--------------------------------------------------------------------------------
1      341    1.000000     1.000000       1       
2      63     0.225000     0.037500       18      
3      56     0.212500     0.187500       17      
4      98     0.200000     0.200000       2       
5      99     0.200000     0.200000       1       
6      227    0.200000     0.200000       1       
7      71     0.173913     0.130435       4       
8      130    0.166667     0.166667       1       
9      193    0.153846     0.153846       2       
10     309    0.125000     0.125000       1       
11     55     0.100000     0.000000       1       
12     249    0.100000     0.100000       1       
13     240    0.090909     0.090909       1       
14     42     0.083333     0.083333       1       
15     83     0.083333     0.083333       1       

LAYER 28 - TOP NODES BY RELEVANCE:
--------------------------------------------------------------------------------
Rank   Node   Relevance    ExclusiveRel   Degree  
--------------------------------------------------------------------------------
1      431    1.000000     1.000000       1       
2      15     0.722222     0.472222       26      
3      5      0.655172     0.482759       19      
4      24     0.600000     0.400000       3       
5      221    0.600000     0.400000       3       
6      72     0.571429     0.571429       4       
7      22     0.500000     0.000000       3       
8      93     0.500000     0.166667       3       
9      158    0.500000     0.250000       2       
10     35     0.456522     0.152174       21      
11     123    0.400000     0.200000       2       
12     73     0.333333     0.000000       1       
13     231    0.333333     0.333333       1       
14     271    0.333333     0.333333       1       
15     272    0.333333     0.333333       1       

LAYER 29 - TOP NODES BY RELEVANCE:
--------------------------------------------------------------------------------
Rank   Node   Relevance    ExclusiveRel   Degree  
--------------------------------------------------------------------------------
1      101    1.000000     1.000000       1       
2      109    1.000000     0.000000       1       
3      110    1.000000     0.500000       2       
4      119    1.000000     0.000000       1       
5      409    1.000000     1.000000       2       
6      434    1.000000     1.000000       1       
7      86     0.800000     0.600000       4       
8      420    0.666667     0.666667       2       
9      299    0.500000     0.500000       2       
10     51     0.470588     0.294118       8       
11     64     0.440000     0.200000       11      
12     13     0.428571     0.071429       30      
13     84     0.375000     0.187500       6       
14     90     0.333333     0.000000       1       
15     196    0.250000     0.250000       1       

LAYER 30 - TOP NODES BY RELEVANCE:
--------------------------------------------------------------------------------
Rank   Node   Relevance    ExclusiveRel   Degree  
--------------------------------------------------------------------------------
1      113    1.000000     1.000000       1       
2      169    1.000000     1.000000       1       
3      449    1.000000     1.000000       1       
4      25     0.640625     0.437500       41      
5      122    0.500000     0.500000       1       
6      303    0.333333     0.333333       1       
7      91     0.250000     0.250000       1       
8      299    0.250000     0.250000       1       
9      69     0.166667     0.166667       1       
10     218    0.111111     0.111111       1       
11     45     0.083333     0.083333       1       
12     81     0.083333     0.083333       1       
13     0      0.076923     0.076923       1       
14     78     0.071429     0.071429       1       
15     163    0.062500     0.062500       1       

LAYER 31 - TOP NODES BY RELEVANCE:
--------------------------------------------------------------------------------
Rank   Node   Relevance    ExclusiveRel   Degree  
--------------------------------------------------------------------------------
1      258    1.000000     1.000000       1       
2      38     0.900000     0.900000       9       
3      9      0.864865     0.729730       32      
4      3      0.357143     0.250000       10      
5      45     0.250000     0.250000       3       
6      62     0.200000     0.200000       2       
7      98     0.200000     0.200000       2       
8      69     0.166667     0.166667       1       
9      207    0.153846     0.153846       2       
10     10     0.131148     0.114754       8       
11     21     0.126582     0.063291       10      
12     48     0.111111     0.111111       1       
13     58     0.111111     0.111111       3       
14     285    0.100000     0.100000       1       
15     47     0.086957     0.086957       2       

LAYER 32 - TOP NODES BY RELEVANCE:
--------------------------------------------------------------------------------
Rank   Node   Relevance    ExclusiveRel   Degree  
--------------------------------------------------------------------------------
1      54     0.607143     0.339286       34      
2      85     0.500000     0.500000       1       
3      428    0.500000     0.500000       1       
4      91     0.250000     0.250000       1       
5      116    0.250000     0.250000       1       
6      263    0.250000     0.250000       1       
7      88     0.142857     0.142857       1       
8      104    0.125000     0.125000       1       
9      218    0.111111     0.111111       1       
10     0      0.076923     0.076923       1       
11     243    0.055556     0.055556       1       
12     40     0.045455     0.045455       1       
13     47     0.043478     0.043478       1       
14     111    0.043478     0.043478       1       
15     64     0.040000     0.040000       1       

LAYER 33 - TOP NODES BY RELEVANCE:
--------------------------------------------------------------------------------
Rank   Node   Relevance    ExclusiveRel   Degree  
--------------------------------------------------------------------------------
1      330    1.000000     1.000000       1       
2      77     0.836735     0.693878       41      
3      132    0.500000     0.500000       1       
4      136    0.500000     0.500000       1       
5      139    0.500000     0.500000       2       
6      143    0.500000     0.500000       1       
7      185    0.500000     0.500000       1       
8      68     0.333333     0.333333       2       
9      272    0.333333     0.333333       1       
10     276    0.333333     0.333333       1       
11     176    0.250000     0.250000       1       
12     386    0.250000     0.250000       1       
13     142    0.222222     0.111111       2       
14     81     0.166667     0.166667       2       
15     78     0.142857     0.142857       2       

LAYER 34 - TOP NODES BY RELEVANCE:
--------------------------------------------------------------------------------
Rank   Node   Relevance    ExclusiveRel   Degree  
--------------------------------------------------------------------------------
1      133    1.000000     1.000000       3       
2      148    1.000000     1.000000       5       
3      151    1.000000     1.000000       6       
4      152    1.000000     1.000000       5       
5      155    1.000000     1.000000       5       
6      157    1.000000     1.000000       2       
7      166    1.000000     1.000000       4       
8      167    1.000000     1.000000       3       
9      188    1.000000     1.000000       4       
10     197    1.000000     1.000000       2       
11     213    1.000000     1.000000       2       
12     222    1.000000     1.000000       5       
13     229    1.000000     1.000000       7       
14     230    1.000000     1.000000       4       
15     245    1.000000     1.000000       2       

LAYER 35 - TOP NODES BY RELEVANCE:
--------------------------------------------------------------------------------
Rank   Node   Relevance    ExclusiveRel   Degree  
--------------------------------------------------------------------------------
1      18     1.000000     1.000000       35      
2      410    1.000000     1.000000       2       
3      412    1.000000     1.000000       2       
4      80     0.500000     0.500000       1       
5      134    0.500000     0.375000       4       
6      99     0.400000     0.400000       2       
7      43     0.333333     0.333333       2       
8      68     0.333333     0.333333       2       
9      147    0.333333     0.333333       1       
10     115    0.200000     0.200000       1       
11     69     0.166667     0.166667       1       
12     94     0.157895     0.157895       3       
13     7      0.130435     0.086957       3       
14     67     0.115385     0.115385       3       
15     243    0.111111     0.111111       2       

LAYER 36 - TOP NODES BY RELEVANCE:
--------------------------------------------------------------------------------
Rank   Node   Relevance    ExclusiveRel   Degree  
--------------------------------------------------------------------------------
1      89     1.000000     1.000000       1       
2      103    1.000000     1.000000       1       
3      109    1.000000     0.000000       1       
4      114    1.000000     1.000000       1       
5      119    1.000000     0.000000       1       
6      129    1.000000     1.000000       1       
7      247    1.000000     1.000000       3       
8      248    1.000000     1.000000       1       
9      321    1.000000     1.000000       1       
10     331    1.000000     1.000000       1       
11     342    1.000000     1.000000       1       
12     353    1.000000     1.000000       1       
13     392    1.000000     1.000000       1       
14     403    1.000000     1.000000       1       
15     425    1.000000     1.000000       1       

================================================================================
Legend:
  OccCent  = Occupation Centrality (from random walk)
  TotDeg   = Total degree across all layers
  AvgRel   = Average relevance across all layers
  AvgExRel = Average exclusive relevance across all layers
  Relevance = Fraction of node's neighbors in this layer
  ExclusiveRel = Fraction of neighbors unique to this layer
================================================================================
