0 1 1
0 5 1
0 80 1
0 1282 1
1 2 1
1 3 1
1 7 1
1 12 1
1 25 1
1 45 1
1 52 1
1 65 1
1 125 1
1 197 1
1 342 1
1 793 1
1 884 1
3 4 1
3 6 1
3 9 1
4 11 1
4 14 1
4 24 1
4 37 1
4 177 1
4 208 1
4 1138 1
5 8 1
5 18 1
5 21 1
5 36 1
5 43 1
5 53 1
5 69 1
5 81 1
5 159 1
5 195 1
5 215 1
5 224 1
5 302 1
5 310 1
5 336 1
5 360 1
5 364 1
5 466 1
5 524 1
5 823 1
5 937 1
5 942 1
5 974 1
5 1005 1
5 1041 1
5 1053 1
5 1077 1
5 1090 1
5 1325 1
5 1397 1
6 157 1
6 165 1
6 220 1
7 10 1
7 1160 1
9 15 1
9 275 1
9 388 1
9 457 1
9 469 1
9 566 1
9 615 1
9 1001 1
9 1127 1
10 29 1
10 314 1
10 338 1
10 875 1
11 16 1
11 39 1
11 96 1
11 158 1
11 175 1
11 366 1
11 554 1
11 569 1
11 791 1
11 822 1
11 853 1
11 1112 1
11 1118 1
12 13 1
12 27 1
12 82 1
12 122 1
12 123 1
12 404 1
12 614 1
12 1227 1
12 1492 1
13 17 1
13 19 1
13 20 1
13 28 1
13 64 1
13 66 1
13 70 1
13 83 1
13 88 1
13 90 1
13 107 1
13 115 1
13 124 1
13 142 1
13 143 1
13 155 1
13 181 1
13 213 1
13 253 1
13 369 1
13 1078 1
13 1239 1
13 1364 1
13 1404 1
14 248 1
14 463 1
15 49 1
15 129 1
15 176 1
15 219 1
15 237 1
15 304 1
15 427 1
15 510 1
15 601 1
15 740 1
15 993 1
15 1149 1
15 1168 1
15 1422 1
15 1430 1
16 23 1
16 233 1
16 450 1
16 948 1
17 111 1
18 30 1
18 33 1
18 44 1
18 51 1
18 108 1
18 135 1
18 294 1
18 331 1
19 22 1
19 102 1
19 154 1
19 162 1
19 243 1
19 325 1
19 368 1
19 504 1
19 797 1
19 808 1
19 874 1
19 887 1
19 906 1
19 953 1
19 1002 1
19 1299 1
19 1302 1
20 31 1
20 35 1
20 206 1
20 252 1
20 335 1
20 359 1
20 602 1
20 653 1
20 698 1
20 717 1
20 813 1
20 956 1
20 1039 1
21 26 1
21 42 1
22 56 1
22 58 1
22 74 1
22 136 1
22 1172 1
23 32 1
23 756 1
23 763 1
23 1191 1
24 55 1
24 57 1
24 138 1
24 489 1
24 665 1
24 892 1
24 1140 1
25 73 1
25 128 1
25 231 1
25 255 1
25 439 1
25 1234 1
26 361 1
26 556 1
26 654 1
26 707 1
26 851 1
26 1058 1
27 40 1
27 286 1
27 421 1
29 34 1
29 41 1
29 50 1
29 60 1
29 218 1
29 1021 1
29 1064 1
30 78 1
31 375 1
32 38 1
32 47 1
32 59 1
32 61 1
32 126 1
32 137 1
32 192 1
32 222 1
32 241 1
32 256 1
32 270 1
32 349 1
32 409 1
32 640 1
32 642 1
32 736 1
32 880 1
32 986 1
32 1082 1
32 1229 1
32 1262 1
33 958 1
33 1170 1
34 72 1
35 46 1
36 63 1
36 84 1
36 235 1
36 284 1
36 330 1
36 385 1
37 76 1
37 95 1
37 104 1
37 105 1
37 223 1
37 311 1
37 1332 1
37 1459 1
38 894 1
38 1017 1
38 1450 1
39 48 1
40 71 1
40 288 1
40 828 1
41 68 1
42 380 1
42 452 1
43 371 1
44 149 1
44 940 1
44 1012 1
44 1329 1
45 62 1
45 75 1
45 85 1
45 86 1
45 842 1
45 1181 1
46 173 1
46 249 1
47 198 1
48 297 1
48 512 1
48 590 1
50 54 1
50 109 1
50 110 1
50 183 1
50 454 1
50 558 1
50 749 1
50 1034 1
51 89 1
51 103 1
51 169 1
51 184 1
51 296 1
51 323 1
51 337 1
51 455 1
51 476 1
51 745 1
51 923 1
52 67 1
52 750 1
52 1007 1
52 1060 1
53 1372 1
54 433 1
55 91 1
56 172 1
56 339 1
56 1019 1
56 1359 1
58 99 1
58 182 1
58 344 1
59 272 1
59 1288 1
60 93 1
60 94 1
60 112 1
60 116 1
60 205 1
60 240 1
60 261 1
60 610 1
60 1069 1
60 1393 1
61 516 1
62 98 1
62 555 1
63 113 1
63 214 1
63 257 1
63 395 1
63 729 1
64 97 1
64 130 1
64 134 1
64 163 1
64 168 1
64 171 1
64 174 1
64 180 1
64 283 1
64 287 1
64 295 1
64 348 1
64 386 1
64 408 1
64 507 1
64 541 1
64 545 1
64 548 1
64 583 1
64 609 1
64 668 1
64 754 1
64 990 1
64 1231 1
64 1253 1
64 1401 1
65 79 1
66 187 1
66 201 1
66 641 1
66 1269 1
67 190 1
67 723 1
69 92 1
69 106 1
69 264 1
69 1175 1
70 326 1
72 1200 1
72 1226 1
72 1293 1
73 1202 1
74 77 1
74 127 1
74 226 1
74 227 1
74 245 1
74 274 1
74 292 1
74 506 1
74 530 1
74 865 1
74 976 1
74 1038 1
74 1089 1
74 1396 1
75 1042 1
76 225 1
76 370 1
76 451 1
76 488 1
76 525 1
76 672 1
76 787 1
76 893 1
76 1092 1
76 1182 1
77 873 1
78 87 1
78 114 1
78 196 1
78 228 1
78 352 1
78 372 1
78 580 1
78 581 1
78 586 1
78 627 1
78 918 1
78 970 1
78 1241 1
78 1285 1
79 119 1
79 229 1
79 405 1
80 691 1
80 1279 1
80 1415 1
81 269 1
81 374 1
81 582 1
81 901 1
81 949 1
82 244 1
82 407 1
82 511 1
82 1054 1
83 145 1
83 167 1
83 199 1
83 809 1
84 230 1
84 468 1
84 570 1
85 290 1
85 301 1
85 308 1
85 373 1
85 497 1
85 589 1
86 688 1
86 849 1
90 1271 1
91 117 1
91 140 1
91 166 1
91 247 1
91 250 1
91 273 1
91 280 1
91 334 1
91 426 1
91 430 1
91 480 1
91 493 1
91 523 1
91 547 1
91 620 1
91 650 1
91 805 1
91 912 1
91 962 1
91 1152 1
91 1171 1
91 1310 1
91 1399 1
91 1447 1
92 150 1
92 178 1
92 299 1
92 306 1
92 648 1
93 100 1
93 185 1
93 232 1
93 362 1
93 419 1
93 637 1
94 132 1
94 151 1
95 263 1
95 351 1
95 357 1
95 623 1
97 401 1
98 194 1
98 863 1
99 101 1
99 568 1
99 987 1
101 118 1
101 217 1
101 1000 1
102 436 1
102 1230 1
103 573 1
103 655 1
103 907 1
103 1109 1
104 959 1
105 434 1
105 917 1
106 148 1
106 356 1
106 438 1
107 121 1
107 146 1
107 464 1
108 496 1
109 316 1
110 660 1
111 120 1
112 139 1
112 584 1
112 1187 1
114 285 1
114 1423 1
114 1469 1
115 267 1
118 131 1
118 345 1
118 604 1
118 796 1
120 564 1
120 689 1
120 841 1
120 994 1
121 246 1
121 739 1
121 1062 1
121 1356 1
121 1371 1
122 209 1
122 559 1
122 1016 1
122 1114 1
123 164 1
123 289 1
123 387 1
123 420 1
123 437 1
123 529 1
123 563 1
123 799 1
123 881 1
123 930 1
123 968 1
123 1335 1
123 1406 1
124 238 1
124 242 1
124 1065 1
124 1121 1
124 1162 1
125 153 1
125 696 1
125 1267 1
126 152 1
126 160 1
126 202 1
126 204 1
126 587 1
126 633 1
126 714 1
126 728 1
126 978 1
127 1498 1
129 161 1
129 560 1
129 625 1
129 855 1
129 1107 1
131 144 1
131 147 1
131 189 1
131 207 1
131 210 1
131 234 1
131 367 1
131 460 1
131 477 1
131 533 1
131 591 1
131 1079 1
131 1360 1
131 1383 1
131 1483 1
132 133 1
132 485 1
132 950 1
132 1134 1
133 141 1
133 188 1
133 216 1
133 321 1
133 327 1
133 393 1
134 332 1
134 1410 1
136 319 1
136 418 1
136 862 1
137 467 1
137 1378 1
138 203 1
139 1045 1
142 211 1
142 236 1
142 528 1
142 792 1
142 829 1
145 565 1
146 186 1
146 807 1
146 1196 1
146 1373 1
147 779 1
147 1100 1
148 268 1
148 377 1
148 474 1
148 500 1
148 632 1
148 782 1
148 895 1
149 553 1
149 567 1
149 651 1
149 1350 1
150 320 1
150 850 1
151 200 1
151 305 1
151 681 1
151 690 1
151 777 1
151 1124 1
152 156 1
152 179 1
152 363 1
152 825 1
153 278 1
155 830 1
155 1345 1
156 265 1
156 276 1
156 279 1
156 293 1
156 350 1
159 254 1
160 307 1
160 934 1
160 1368 1
162 546 1
162 1204 1
163 1044 1
165 1048 1
165 1252 1
165 1349 1
165 1428 1
167 170 1
167 406 1
167 417 1
167 520 1
167 542 1
167 1281 1
168 1246 1
169 193 1
169 577 1
171 933 1
173 616 1
173 663 1
173 989 1
174 191 1
174 1033 1
176 579 1
176 1278 1
177 300 1
178 644 1
178 721 1
178 1154 1
179 403 1
180 1122 1
182 518 1
182 760 1
182 800 1
183 1445 1
184 322 1
184 526 1
184 1145 1
184 1148 1
185 624 1
187 1276 1
189 353 1
189 441 1
189 491 1
189 513 1
189 847 1
189 1438 1
190 212 1
190 277 1
190 347 1
190 447 1
191 259 1
192 652 1
193 414 1
193 471 1
193 527 1
193 1080 1
193 1212 1
196 965 1
197 398 1
197 535 1
197 920 1
200 239 1
200 262 1
200 392 1
200 492 1
200 768 1
200 838 1
200 966 1
200 1214 1
201 384 1
201 747 1
201 794 1
201 928 1
201 1126 1
201 1225 1
201 1315 1
202 298 1
202 317 1
202 396 1
202 429 1
203 465 1
203 1433 1
204 1466 1
206 221 1
206 281 1
206 585 1
207 315 1
207 333 1
207 635 1
207 1470 1
208 661 1
209 251 1
209 549 1
210 1318 1
211 876 1
211 1035 1
211 1125 1
212 399 1
212 1050 1
213 260 1
213 647 1
213 1392 1
214 282 1
214 313 1
214 531 1
214 674 1
214 1120 1
214 1301 1
218 341 1
218 839 1
219 1408 1
220 478 1
221 1268 1
222 291 1
222 381 1
222 424 1
222 677 1
222 859 1
222 980 1
222 1258 1
223 484 1
225 921 1
227 998 1
227 1164 1
228 1291 1
228 1421 1
229 871 1
230 318 1
230 495 1
230 576 1
230 680 1
230 708 1
232 517 1
232 1247 1
232 1488 1
234 431 1
235 415 1
235 1384 1
236 397 1
238 459 1
238 679 1
238 843 1
239 258 1
239 481 1
239 572 1
239 649 1
239 840 1
239 883 1
239 999 1
239 1057 1
240 428 1
240 503 1
240 550 1
240 643 1
240 1413 1
241 453 1
241 798 1
241 927 1
242 354 1
242 617 1
242 630 1
242 662 1
242 765 1
242 924 1
244 803 1
244 885 1
244 1238 1
248 329 1
248 1104 1
249 266 1
252 472 1
252 1210 1
253 784 1
254 413 1
255 1139 1
256 738 1
257 271 1
257 458 1
257 505 1
257 536 1
257 1010 1
257 1370 1
261 776 1
262 544 1
262 790 1
262 957 1
264 378 1
264 486 1
264 608 1
264 1339 1
266 312 1
266 1070 1
267 309 1
267 475 1
267 856 1
267 1375 1
270 711 1
270 1439 1
272 444 1
272 515 1
272 622 1
272 1243 1
272 1453 1
274 402 1
279 1369 1
280 482 1
280 483 1
280 645 1
280 771 1
280 1320 1
280 1420 1
281 343 1
281 947 1
281 1094 1
283 383 1
283 1130 1
286 303 1
286 619 1
286 673 1
286 1081 1
286 1189 1
286 1344 1
287 973 1
288 1106 1
289 606 1
290 659 1
290 785 1
290 833 1
290 911 1
290 932 1
293 328 1
293 382 1
293 1398 1
294 473 1
294 671 1
294 1131 1
295 1324 1
301 603 1
303 410 1
303 412 1
303 416 1
303 422 1
303 470 1
303 552 1
303 669 1
303 704 1
304 1366 1
305 1020 1
306 522 1
306 746 1
306 908 1
306 1008 1
306 1031 1
309 340 1
309 376 1
309 761 1
310 324 1
311 389 1
311 720 1
312 355 1
314 938 1
314 1244 1
316 346 1
318 537 1
318 730 1
318 804 1
318 1141 1
318 1169 1
318 1300 1
320 983 1
320 1151 1
322 446 1
322 670 1
323 499 1
323 943 1
323 1489 1
324 532 1
324 534 1
325 1478 1
326 358 1
326 766 1
326 827 1
326 1240 1
327 462 1
327 769 1
328 445 1
330 964 1
331 834 1
331 982 1
331 1056 1
331 1346 1
332 365 1
332 540 1
333 742 1
333 866 1
334 612 1
335 379 1
335 571 1
335 1123 1
336 442 1
336 1014 1
337 562 1
338 394 1
338 593 1
338 788 1
338 913 1
339 618 1
339 702 1
339 1292 1
341 607 1
342 449 1
343 996 1
343 1110 1
343 1180 1
343 1308 1
344 490 1
345 685 1
346 860 1
346 1451 1
347 539 1
347 886 1
347 939 1
347 1193 1
349 878 1
349 1249 1
350 666 1
350 694 1
350 870 1
350 1026 1
351 390 1
354 1286 1
355 588 1
357 538 1
362 400 1
362 411 1
362 605 1
362 900 1
365 1497 1
368 461 1
370 755 1
370 888 1
371 1409 1
375 448 1
375 701 1
375 726 1
375 781 1
376 903 1
377 611 1
377 826 1
377 1353 1
378 899 1
378 1482 1
379 391 1
379 1063 1
380 443 1
382 1185 1
383 494 1
384 1025 1
386 1434 1
391 686 1
391 814 1
394 508 1
396 889 1
398 626 1
398 1199 1
400 1257 1
401 435 1
401 658 1
401 759 1
401 1173 1
402 715 1
402 795 1
403 818 1
406 425 1
410 423 1
410 440 1
410 479 1
410 487 1
412 596 1
412 628 1
412 1111 1
413 639 1
415 432 1
415 1011 1
415 1205 1
415 1298 1
416 919 1
417 837 1
417 971 1
418 979 1
420 574 1
420 594 1
421 744 1
425 498 1
425 543 1
425 664 1
425 743 1
425 819 1
425 1179 1
425 1330 1
425 1471 1
427 519 1
427 613 1
427 1159 1
429 456 1
429 789 1
429 1132 1
432 1460 1
433 722 1
434 600 1
434 1028 1
436 551 1
436 675 1
436 985 1
436 1073 1
436 1146 1
437 638 1
437 683 1
438 597 1
439 514 1
439 1400 1
440 848 1
445 869 1
445 952 1
446 890 1
446 898 1
446 1113 1
446 1265 1
446 1283 1
447 1135 1
450 501 1
450 758 1
450 857 1
450 1032 1
450 1481 1
451 820 1
453 783 1
454 1251 1
456 700 1
458 646 1
459 1336 1
461 816 1
461 1176 1
462 621 1
462 852 1
462 1143 1
462 1270 1
462 1475 1
464 775 1
464 929 1
464 1485 1
465 1256 1
466 858 1
466 1178 1
467 557 1
467 812 1
467 988 1
468 757 1
468 767 1
468 954 1
468 1074 1
468 1144 1
468 1333 1
471 713 1
471 877 1
471 1015 1
471 1458 1
472 697 1
474 502 1
474 1412 1
477 676 1
477 1236 1
477 1495 1
479 1163 1
481 1009 1
483 1184 1
483 1467 1
485 667 1
485 992 1
485 1013 1
486 824 1
486 1213 1
487 724 1
487 1072 1
488 897 1
489 764 1
491 1049 1
491 1142 1
493 1156 1
494 595 1
494 599 1
494 770 1
494 810 1
494 1480 1
496 509 1
496 561 1
496 1023 1
499 1319 1
502 578 1
502 732 1
502 815 1
504 1457 1
506 1260 1
506 1461 1
508 710 1
511 521 1
511 1022 1
515 751 1
516 636 1
516 1101 1
518 693 1
522 1259 1
525 1290 1
529 634 1
534 1201 1
534 1322 1
536 692 1
540 1066 1
542 1448 1
543 1068 1
543 1128 1
543 1429 1
545 598 1
545 629 1
545 734 1
545 1029 1
546 1441 1
546 1442 1
549 1006 1
549 1402 1
550 904 1
550 1476 1
552 631 1
552 944 1
552 972 1
556 806 1
556 1046 1
561 592 1
562 695 1
564 802 1
565 687 1
565 1284 1
566 1425 1
567 1052 1
569 1067 1
569 1377 1
571 575 1
572 712 1
572 831 1
572 1096 1
572 1456 1
572 1487 1
574 752 1
576 1316 1
580 902 1
580 1431 1
582 1427 1
584 1468 1
586 741 1
586 1137 1
590 1103 1
590 1209 1
592 731 1
592 836 1
592 1295 1
593 727 1
595 684 1
597 703 1
598 1215 1
601 1363 1
602 1254 1
603 963 1
604 1116 1
604 1261 1
606 945 1
607 995 1
608 773 1
611 1186 1
612 817 1
612 905 1
612 1198 1
617 678 1
617 872 1
617 961 1
617 1343 1
618 941 1
618 1190 1
621 1307 1
623 1037 1
630 1091 1
632 1224 1
632 1391 1
633 699 1
634 1003 1
634 1027 1
634 1446 1
635 1321 1
636 657 1
639 705 1
639 846 1
639 936 1
640 656 1
642 1004 1
643 1157 1
643 1208 1
645 716 1
645 1102 1
646 1040 1
650 786 1
651 844 1
652 774 1
652 1108 1
653 1277 1
653 1386 1
656 733 1
656 1136 1
656 1452 1
657 682 1
658 737 1
660 1158 1
661 1385 1
661 1479 1
662 1177 1
665 753 1
666 1024 1
666 1380 1
667 1099 1
669 762 1
670 772 1
671 1219 1
672 1218 1
678 1203 1
678 1263 1
678 1354 1
678 1436 1
681 718 1
681 946 1
682 1275 1
683 1195 1
684 864 1
684 891 1
684 1228 1
685 854 1
685 1248 1
686 706 1
686 709 1
686 1133 1
693 1313 1
694 1494 1
696 735 1
696 1119 1
701 1059 1
708 915 1
711 1390 1
713 719 1
713 725 1
714 1075 1
717 1287 1
719 778 1
719 1362 1
724 821 1
724 1097 1
730 835 1
734 879 1
738 1222 1
740 861 1
740 867 1
741 1250 1
742 1357 1
747 748 1
748 1347 1
749 909 1
751 811 1
751 1093 1
751 1095 1
753 977 1
754 1051 1
757 780 1
757 896 1
757 991 1
760 1221 1
761 1161 1
766 1440 1
767 832 1
767 1115 1
767 1294 1
770 801 1
770 1197 1
772 1367 1
779 960 1
779 1105 1
779 1273 1
779 1419 1
781 1211 1
783 1274 1
783 1334 1
783 1405 1
790 845 1
797 1484 1
802 1061 1
802 1361 1
802 1417 1
803 1289 1
806 975 1
806 1242 1
809 1387 1
812 1206 1
816 1183 1
817 922 1
817 1381 1
822 926 1
828 882 1
835 984 1
836 1376 1
843 955 1
843 1194 1
843 1323 1
846 868 1
847 931 1
848 914 1
848 1223 1
848 1403 1
850 1117 1
853 1303 1
857 1449 1
858 1153 1
862 1207 1
871 1388 1
871 1464 1
872 1174 1
872 1454 1
873 925 1
873 1220 1
877 935 1
877 1047 1
877 1076 1
877 1266 1
878 967 1
878 997 1
878 1426 1
882 1088 1
888 1085 1
890 1443 1
892 916 1
899 910 1
905 1418 1
913 1155 1
915 1232 1
917 1188 1
920 1086 1
921 1083 1
922 951 1
925 1087 1
929 1216 1
934 969 1
934 981 1
940 1351 1
948 1036 1
950 1071 1
950 1245 1
950 1355 1
951 1043 1
961 1331 1
962 1129 1
970 1328 1
971 1477 1
973 1264 1
974 1098 1
980 1147 1
983 1337 1
985 1280 1
990 1379 1
994 1055 1
998 1297 1
999 1018 1
999 1496 1
1003 1394 1
1006 1486 1
1014 1030 1
1014 1465 1
1047 1166 1
1048 1490 1
1050 1407 1
1053 1411 1
1057 1150 1
1058 1192 1
1061 1444 1
1062 1217 1
1064 1084 1
1072 1167 1
1072 1382 1
1084 1305 1
1087 1165 1
1087 1296 1
1091 1237 1
1104 1352 1
1105 1472 1
1110 1306 1
1124 1348 1
1124 1389 1
1128 1342 1
1129 1424 1
1145 1314 1
1160 1255 1
1164 1312 1
1168 1358 1
1170 1463 1
1176 1435 1
1186 1235 1
1188 1233 1
1190 1304 1
1190 1326 1
1205 1340 1
1209 1338 1
1217 1311 1
1218 1414 1
1237 1272 1
1237 1455 1
1239 1309 1
1245 1499 1
1248 1317 1
1251 1474 1
1254 1432 1
1271 1437 1
1279 1341 1
1300 1395 1
1308 1365 1
1316 1416 1
1323 1327 1
1336 1473 1
1339 1462 1
1366 1374 1
1421 1491 1
1474 1493 1
