0 1 1
0 2 1
0 5 1
0 6 1
0 7 1
0 15 1
0 28 1
0 30 1
0 65 1
0 72 1
0 113 1
0 147 1
0 156 1
0 233 1
0 253 1
0 285 1
0 365 1
0 374 1
0 435 1
0 542 1
0 648 1
0 947 1
0 1108 1
0 1169 1
0 1314 1
1 31 1
1 132 1
1 686 1
2 3 1
2 4 1
2 8 1
2 19 1
2 145 1
2 227 1
2 1111 1
3 20 1
3 23 1
3 67 1
3 115 1
3 122 1
3 160 1
3 204 1
3 220 1
3 224 1
3 394 1
3 422 1
3 474 1
4 13 1
4 74 1
4 95 1
4 161 1
4 170 1
4 244 1
4 338 1
4 457 1
4 473 1
4 1021 1
4 1068 1
5 278 1
5 351 1
5 625 1
6 11 1
6 14 1
6 15 1
6 16 1
6 17 1
6 32 1
6 33 1
6 37 1
6 56 1
6 59 1
6 62 1
6 92 1
6 94 1
6 104 1
6 125 1
6 139 1
6 162 1
6 179 1
6 208 1
6 241 1
6 293 1
6 342 1
6 485 1
6 507 1
6 594 1
6 762 1
6 931 1
6 941 1
6 1064 1
6 1100 1
6 1396 1
6 1425 1
7 9 1
7 12 1
7 20 1
7 31 1
7 36 1
7 83 1
7 238 1
7 683 1
8 24 1
8 25 1
8 47 1
8 48 1
8 88 1
8 167 1
8 230 1
8 361 1
8 488 1
8 513 1
8 584 1
8 650 1
8 809 1
8 1017 1
8 1087 1
8 1457 1
9 10 1
9 44 1
9 75 1
9 80 1
9 699 1
9 1351 1
10 183 1
11 53 1
11 55 1
11 86 1
11 100 1
11 360 1
11 930 1
11 1088 1
11 1400 1
12 30 1
12 124 1
12 149 1
12 150 1
12 173 1
12 300 1
12 550 1
12 713 1
12 814 1
13 18 1
13 287 1
13 294 1
13 427 1
13 585 1
13 624 1
13 840 1
13 949 1
13 1219 1
14 21 1
14 39 1
14 58 1
14 82 1
14 85 1
14 129 1
14 165 1
14 245 1
14 250 1
14 340 1
14 502 1
14 527 1
14 557 1
14 836 1
14 884 1
14 1022 1
14 1067 1
14 1220 1
15 22 1
15 27 1
15 41 1
15 52 1
15 152 1
15 169 1
15 647 1
15 1177 1
16 40 1
16 50 1
16 69 1
16 108 1
16 183 1
16 184 1
16 402 1
16 539 1
16 600 1
16 719 1
16 741 1
16 901 1
16 1154 1
16 1401 1
16 1451 1
17 35 1
17 38 1
17 42 1
17 166 1
17 289 1
17 453 1
18 66 1
18 81 1
18 281 1
18 609 1
18 940 1
19 154 1
19 357 1
19 378 1
19 409 1
19 450 1
19 466 1
19 670 1
19 707 1
19 1162 1
19 1471 1
20 78 1
20 190 1
20 211 1
20 588 1
20 1326 1
21 51 1
21 60 1
21 77 1
21 130 1
21 664 1
21 709 1
21 776 1
21 811 1
21 1386 1
22 29 1
22 34 1
22 46 1
22 49 1
22 127 1
22 246 1
22 247 1
22 319 1
22 321 1
22 759 1
22 1428 1
23 26 1
23 68 1
23 151 1
23 819 1
23 1053 1
23 1240 1
23 1250 1
24 243 1
24 381 1
24 657 1
24 703 1
24 1233 1
24 1495 1
25 203 1
25 359 1
26 117 1
26 163 1
26 323 1
26 610 1
26 1268 1
26 1494 1
27 54 1
27 452 1
27 876 1
29 98 1
29 116 1
30 128 1
30 1003 1
31 43 1
31 45 1
31 101 1
31 121 1
31 157 1
31 164 1
31 176 1
31 189 1
31 286 1
31 288 1
31 554 1
31 595 1
31 690 1
31 772 1
31 1189 1
32 99 1
32 227 1
32 307 1
32 654 1
32 906 1
32 1389 1
33 89 1
33 134 1
33 303 1
33 766 1
33 1245 1
33 1325 1
34 275 1
34 290 1
34 306 1
34 310 1
34 526 1
34 575 1
34 649 1
34 1134 1
34 1307 1
35 1097 1
37 41 1
37 497 1
38 93 1
38 96 1
38 717 1
38 1228 1
39 258 1
39 432 1
39 599 1
40 1071 1
41 199 1
41 279 1
41 304 1
41 531 1
41 1465 1
42 186 1
42 197 1
42 231 1
42 240 1
42 292 1
42 882 1
44 114 1
44 442 1
44 618 1
44 1055 1
44 1213 1
45 71 1
45 215 1
45 1139 1
46 73 1
46 87 1
46 180 1
46 219 1
46 299 1
46 413 1
46 614 1
46 795 1
46 831 1
46 856 1
46 1010 1
46 1047 1
46 1211 1
46 1347 1
48 61 1
48 985 1
49 57 1
49 70 1
49 388 1
50 64 1
51 119 1
51 382 1
51 754 1
51 839 1
52 175 1
52 205 1
52 226 1
52 376 1
52 463 1
52 576 1
52 731 1
52 827 1
52 1062 1
52 1308 1
53 449 1
54 63 1
54 103 1
54 126 1
54 234 1
54 635 1
54 902 1
54 1020 1
55 76 1
55 192 1
55 320 1
55 589 1
55 755 1
56 102 1
56 171 1
56 181 1
56 239 1
56 248 1
56 316 1
56 816 1
56 891 1
56 1404 1
57 144 1
57 221 1
57 508 1
57 1147 1
59 786 1
60 123 1
60 200 1
60 658 1
60 981 1
60 1104 1
60 1361 1
61 722 1
62 440 1
62 988 1
62 1254 1
62 1297 1
62 1328 1
63 803 1
63 1224 1
64 110 1
64 565 1
65 943 1
66 153 1
66 642 1
66 740 1
66 1181 1
66 1182 1
66 1223 1
66 1244 1
66 1446 1
68 149 1
68 187 1
68 193 1
68 216 1
68 255 1
68 280 1
68 353 1
68 379 1
68 405 1
68 697 1
69 90 1
69 225 1
69 760 1
69 1242 1
70 148 1
70 222 1
70 268 1
70 412 1
70 438 1
70 887 1
70 1013 1
70 1278 1
72 140 1
72 621 1
73 251 1
73 265 1
73 279 1
73 315 1
75 79 1
75 84 1
75 159 1
75 178 1
75 562 1
75 567 1
75 651 1
75 847 1
75 1378 1
75 1392 1
75 1405 1
75 1441 1
75 1477 1
76 111 1
76 920 1
77 276 1
77 1358 1
78 331 1
78 1031 1
78 1117 1
78 1488 1
79 534 1
80 97 1
80 135 1
80 142 1
80 261 1
80 328 1
80 390 1
80 396 1
80 791 1
80 911 1
80 933 1
80 956 1
80 1271 1
80 1467 1
81 106 1
82 308 1
83 137 1
83 569 1
83 639 1
84 235 1
85 91 1
85 117 1
85 990 1
86 182 1
86 425 1
88 946 1
88 994 1
89 406 1
89 444 1
89 445 1
89 495 1
89 1081 1
89 1207 1
89 1280 1
89 1300 1
89 1355 1
89 1408 1
90 105 1
90 120 1
90 617 1
92 131 1
93 109 1
93 185 1
93 196 1
93 217 1
93 517 1
95 213 1
95 581 1
95 1199 1
96 110 1
96 138 1
96 146 1
96 228 1
96 434 1
98 107 1
98 112 1
98 188 1
98 257 1
98 309 1
98 399 1
98 512 1
98 530 1
98 564 1
98 701 1
98 742 1
98 996 1
98 1124 1
98 1306 1
98 1359 1
99 262 1
99 637 1
100 217 1
101 364 1
101 482 1
101 603 1
101 1286 1
102 330 1
102 345 1
102 462 1
102 783 1
103 216 1
103 548 1
103 662 1
104 136 1
104 174 1
104 271 1
104 446 1
104 465 1
104 602 1
105 1474 1
107 210 1
107 266 1
107 989 1
107 1253 1
107 1329 1
108 133 1
108 143 1
108 312 1
108 314 1
108 355 1
109 263 1
109 842 1
110 232 1
110 404 1
110 629 1
110 747 1
110 822 1
110 1051 1
110 1099 1
110 1119 1
111 118 1
111 168 1
111 202 1
111 1193 1
112 305 1
112 1498 1
115 770 1
115 875 1
116 256 1
116 619 1
116 680 1
116 1375 1
117 127 1
117 158 1
117 165 1
117 799 1
118 144 1
118 448 1
119 1015 1
120 536 1
120 800 1
121 302 1
121 1180 1
122 141 1
122 155 1
122 172 1
122 469 1
122 615 1
122 1155 1
123 206 1
123 345 1
123 498 1
123 1095 1
123 1141 1
123 1210 1
124 661 1
124 692 1
124 790 1
125 478 1
126 236 1
126 398 1
126 1174 1
127 984 1
128 202 1
128 1001 1
129 820 1
129 1346 1
130 855 1
131 158 1
131 408 1
131 501 1
131 504 1
131 571 1
131 708 1
131 1201 1
131 1458 1
132 429 1
133 295 1
133 945 1
135 223 1
135 804 1
135 971 1
136 194 1
137 249 1
137 556 1
137 591 1
138 150 1
138 703 1
138 723 1
139 415 1
139 1187 1
140 821 1
140 893 1
141 386 1
142 792 1
142 844 1
143 349 1
144 356 1
144 541 1
144 596 1
145 377 1
146 260 1
146 264 1
146 284 1
146 468 1
147 436 1
147 525 1
148 212 1
148 389 1
149 414 1
149 459 1
149 1382 1
150 191 1
150 218 1
150 282 1
150 456 1
150 1061 1
152 806 1
153 274 1
153 298 1
154 201 1
154 242 1
154 343 1
154 964 1
154 1203 1
155 765 1
156 237 1
156 939 1
157 418 1
157 746 1
158 689 1
159 433 1
161 460 1
161 1084 1
162 487 1
162 522 1
162 633 1
162 1453 1
164 354 1
164 382 1
164 631 1
164 801 1
164 1011 1
164 1102 1
164 1324 1
164 1413 1
164 1420 1
165 209 1
165 549 1
166 659 1
167 318 1
167 417 1
167 1422 1
168 207 1
168 641 1
168 1096 1
168 1246 1
169 291 1
169 569 1
169 582 1
171 1026 1
171 1204 1
172 283 1
172 347 1
172 494 1
172 983 1
172 1331 1
173 177 1
173 214 1
173 370 1
173 573 1
173 691 1
173 1114 1
173 1320 1
173 1335 1
174 380 1
174 403 1
174 479 1
174 1341 1
178 363 1
178 904 1
178 1409 1
180 1399 1
180 1486 1
181 675 1
181 718 1
181 1140 1
181 1362 1
181 1412 1
182 273 1
182 1078 1
182 1249 1
185 974 1
186 195 1
186 461 1
186 553 1
186 784 1
186 968 1
187 558 1
188 979 1
189 547 1
189 963 1
190 524 1
190 699 1
191 789 1
192 198 1
194 720 1
194 1342 1
194 1363 1
195 254 1
195 1263 1
196 346 1
196 572 1
196 634 1
196 656 1
197 280 1
197 301 1
199 426 1
199 1089 1
200 499 1
200 509 1
201 938 1
201 966 1
202 433 1
202 454 1
202 622 1
202 646 1
202 650 1
202 982 1
202 1128 1
202 1235 1
203 366 1
203 544 1
203 1037 1
204 385 1
204 533 1
205 397 1
205 972 1
207 329 1
207 416 1
207 458 1
207 592 1
207 684 1
207 1188 1
209 219 1
209 269 1
209 520 1
209 540 1
209 733 1
209 1008 1
210 464 1
210 593 1
210 1098 1
211 1166 1
212 336 1
212 467 1
212 730 1
212 881 1
212 1390 1
214 267 1
214 471 1
214 726 1
215 734 1
215 909 1
215 1317 1
216 969 1
217 398 1
217 528 1
218 348 1
218 373 1
218 407 1
218 900 1
218 1234 1
219 229 1
219 259 1
219 358 1
219 424 1
219 769 1
221 381 1
221 677 1
221 1384 1
223 231 1
223 386 1
223 897 1
224 290 1
225 371 1
225 411 1
225 555 1
225 724 1
225 1136 1
227 771 1
227 936 1
228 252 1
228 270 1
228 395 1
228 420 1
228 636 1
228 986 1
231 297 1
231 455 1
231 1145 1
235 519 1
236 410 1
237 484 1
237 611 1
237 1221 1
237 1353 1
237 1366 1
238 332 1
238 623 1
238 860 1
238 1178 1
239 324 1
239 326 1
240 773 1
240 928 1
240 1043 1
240 1052 1
240 1216 1
240 1484 1
241 333 1
242 274 1
242 1214 1
244 598 1
244 813 1
245 505 1
245 782 1
245 886 1
252 750 1
252 825 1
253 272 1
254 744 1
254 919 1
255 327 1
255 369 1
256 809 1
257 277 1
257 339 1
257 869 1
257 1024 1
258 735 1
258 874 1
258 1004 1
258 1252 1
259 853 1
260 551 1
260 1167 1
260 1243 1
261 423 1
261 1113 1
262 447 1
262 489 1
263 337 1
263 516 1
263 577 1
263 660 1
263 700 1
263 757 1
263 885 1
263 964 1
263 1120 1
263 1225 1
263 1373 1
264 443 1
264 992 1
264 1255 1
265 344 1
265 980 1
266 296 1
266 523 1
266 574 1
266 671 1
266 780 1
266 857 1
266 1315 1
267 322 1
269 665 1
269 777 1
269 1006 1
272 437 1
272 517 1
272 775 1
272 1046 1
273 476 1
273 511 1
274 832 1
274 961 1
274 1483 1
276 1016 1
277 626 1
277 1077 1
278 500 1
278 559 1
278 579 1
278 1357 1
280 937 1
281 317 1
281 481 1
281 1065 1
281 1150 1
282 905 1
282 957 1
282 1126 1
283 313 1
284 311 1
284 325 1
284 335 1
284 1089 1
284 1194 1
287 669 1
287 752 1
287 1192 1
288 649 1
288 983 1
288 1311 1
290 538 1
291 483 1
291 630 1
292 715 1
292 873 1
295 767 1
298 652 1
298 1152 1
300 597 1
300 1423 1
301 849 1
301 1337 1
302 1030 1
303 867 1
305 1323 1
305 1387 1
305 1416 1
307 401 1
310 859 1
311 370 1
311 391 1
311 490 1
311 1418 1
312 620 1
313 352 1
313 371 1
313 852 1
313 1014 1
315 1054 1
315 1283 1
315 1310 1
318 350 1
318 430 1
318 587 1
318 674 1
318 888 1
318 1127 1
318 1239 1
319 384 1
320 334 1
320 341 1
323 503 1
324 368 1
324 530 1
324 653 1
324 694 1
324 749 1
324 810 1
324 958 1
326 431 1
326 566 1
327 1129 1
331 367 1
331 399 1
331 1106 1
331 1261 1
333 428 1
336 643 1
339 1371 1
340 372 1
340 688 1
346 362 1
346 560 1
347 375 1
347 710 1
348 427 1
348 439 1
348 908 1
349 496 1
351 421 1
353 515 1
354 441 1
358 826 1
358 1132 1
359 383 1
359 864 1
359 1206 1
359 1226 1
361 613 1
361 1005 1
361 1370 1
363 678 1
363 778 1
363 1348 1
364 1072 1
365 976 1
365 978 1
366 529 1
367 567 1
368 1029 1
368 1110 1
368 1293 1
371 419 1
371 711 1
371 1058 1
373 392 1
373 518 1
373 738 1
373 1018 1
373 1287 1
373 1383 1
374 493 1
374 590 1
374 668 1
374 1001 1
374 1042 1
374 1301 1
376 400 1
376 1094 1
376 1294 1
377 959 1
377 1153 1
377 1195 1
378 514 1
378 1025 1
378 1222 1
380 679 1
380 1093 1
381 393 1
381 451 1
381 645 1
382 1230 1
383 387 1
384 1279 1
385 1164 1
385 1257 1
386 480 1
387 627 1
387 828 1
387 989 1
387 1403 1
388 480 1
388 962 1
391 830 1
393 484 1
393 535 1
393 1246 1
394 793 1
394 1121 1
396 521 1
396 912 1
396 1251 1
397 632 1
398 681 1
398 1247 1
398 1473 1
399 496 1
399 900 1
400 834 1
400 921 1
401 545 1
402 580 1
405 511 1
405 644 1
405 879 1
407 805 1
408 484 1
409 607 1
409 761 1
413 570 1
414 472 1
419 492 1
419 1307 1
421 863 1
421 1364 1
424 705 1
425 898 1
426 922 1
428 798 1
428 870 1
428 1138 1
428 1269 1
428 1333 1
429 1295 1
430 1116 1
432 1443 1
434 477 1
434 578 1
434 663 1
434 838 1
434 858 1
434 1419 1
434 1435 1
435 765 1
435 1218 1
436 1196 1
439 878 1
439 1179 1
441 676 1
441 1034 1
448 470 1
448 1125 1
448 1289 1
448 1356 1
449 571 1
449 774 1
449 997 1
449 1198 1
450 486 1
452 475 1
452 1464 1
454 546 1
454 802 1
454 1183 1
454 1276 1
454 1332 1
456 510 1
456 538 1
456 628 1
458 894 1
459 892 1
459 1131 1
461 1060 1
461 1105 1
461 1259 1
461 1431 1
462 1190 1
464 728 1
465 612 1
465 1056 1
465 1184 1
465 1264 1
468 583 1
468 926 1
468 1456 1
469 1440 1
470 506 1
471 929 1
472 1175 1
472 1470 1
474 848 1
477 565 1
478 727 1
478 999 1
480 586 1
481 785 1
482 903 1
482 1450 1
483 951 1
484 696 1
484 743 1
484 865 1
484 1075 1
484 1209 1
485 1485 1
486 491 1
486 977 1
488 693 1
490 768 1
490 942 1
492 915 1
495 1227 1
496 552 1
498 871 1
499 896 1
500 638 1
500 1224 1
501 532 1
501 732 1
501 1135 1
501 1309 1
502 729 1
502 1040 1
504 1433 1
505 561 1
505 616 1
505 698 1
505 854 1
505 880 1
505 987 1
505 1302 1
507 763 1
508 1487 1
509 606 1
509 1059 1
512 702 1
512 1143 1
512 1468 1
515 1027 1
516 536 1
517 794 1
518 714 1
518 716 1
518 736 1
518 1171 1
519 563 1
519 1339 1
520 1045 1
522 568 1
522 796 1
523 1410 1
524 537 1
525 1248 1
526 543 1
526 845 1
526 872 1
526 1237 1
526 1345 1
527 997 1
528 899 1
531 861 1
538 1066 1
540 1172 1
541 672 1
541 712 1
541 835 1
541 1000 1
541 1462 1
541 1466 1
541 1489 1
544 1448 1
547 944 1
547 1080 1
547 1367 1
548 706 1
551 608 1
551 1107 1
552 1256 1
553 721 1
555 666 1
555 953 1
555 1159 1
555 1262 1
555 1455 1
556 717 1
556 931 1
556 1432 1
558 1338 1
560 604 1
560 640 1
562 655 1
566 851 1
568 687 1
569 737 1
569 934 1
571 667 1
571 970 1
571 1499 1
572 726 1
573 685 1
576 764 1
580 682 1
580 1161 1
580 1365 1
580 1429 1
582 601 1
584 605 1
584 850 1
584 913 1
585 1238 1
586 1074 1
587 1086 1
591 973 1
595 1449 1
597 1352 1
599 1090 1
599 1344 1
601 1049 1
601 1340 1
602 634 1
603 1091 1
606 960 1
608 1376 1
612 1079 1
612 1319 1
613 1208 1
614 779 1
614 862 1
615 1388 1
615 1436 1
616 1407 1
617 745 1
617 758 1
617 817 1
620 877 1
621 1260 1
621 1285 1
623 1417 1
624 1185 1
624 1212 1
631 883 1
632 1073 1
633 1421 1
639 1118 1
640 1142 1
647 899 1
648 756 1
649 833 1
649 925 1
649 1028 1
649 1372 1
650 808 1
652 673 1
652 812 1
657 1156 1
658 725 1
658 935 1
658 1439 1
659 689 1
660 991 1
661 1032 1
661 1438 1
665 739 1
667 841 1
668 704 1
672 965 1
673 823 1
678 1023 1
679 917 1
679 1048 1
680 824 1
682 695 1
683 868 1
687 1274 1
688 895 1
688 1165 1
689 846 1
689 954 1
689 1158 1
690 758 1
692 829 1
693 995 1
693 1070 1
693 1085 1
695 815 1
695 923 1
695 1349 1
696 843 1
699 967 1
701 1157 1
702 927 1
705 751 1
705 753 1
705 788 1
705 948 1
707 1160 1
707 1318 1
708 1002 1
708 1316 1
710 797 1
713 1290 1
715 748 1
720 1336 1
723 1149 1
723 1368 1
723 1469 1
724 890 1
727 955 1
729 1496 1
734 1394 1
737 1292 1
739 807 1
740 1076 1
741 1057 1
748 919 1
750 1038 1
751 781 1
751 889 1
751 910 1
751 975 1
754 907 1
755 1202 1
757 1406 1
764 1472 1
767 787 1
770 1454 1
773 1434 1
774 1266 1
774 1288 1
774 1303 1
774 1460 1
779 1463 1
781 1082 1
784 914 1
788 1377 1
794 924 1
794 1176 1
801 1205 1
805 818 1
806 1282 1
809 1442 1
810 1044 1
810 1490 1
811 837 1
811 1168 1
812 1343 1
814 1103 1
815 916 1
815 1478 1
819 866 1
821 1270 1
824 1327 1
828 1092 1
830 918 1
830 1430 1
837 1334 1
837 1445 1
840 1275 1
842 1035 1
848 1148 1
853 1036 1
853 1092 1
855 1050 1
858 1258 1
860 950 1
860 1437 1
862 1321 1
862 1322 1
864 1217 1
870 1019 1
870 1414 1
871 1122 1
877 1491 1
889 1012 1
890 1063 1
892 1298 1
896 1109 1
900 983 1
907 1475 1
914 932 1
914 952 1
914 998 1
915 1041 1
917 1299 1
917 1398 1
919 1144 1
924 1076 1
934 1130 1
937 1305 1
938 1033 1
951 993 1
957 1492 1
958 1482 1
960 1497 1
967 1123 1
968 1173 1
970 1083 1
972 1007 1
972 1039 1
972 1236 1
972 1273 1
994 1009 1
1003 1137 1
1007 1183 1
1014 1313 1
1014 1374 1
1015 1427 1
1017 1397 1
1020 1277 1
1036 1069 1
1039 1241 1
1042 1411 1
1043 1385 1
1049 1232 1
1053 1267 1
1055 1101 1
1063 1281 1
1073 1115 1
1075 1291 1
1082 1151 1
1085 1163 1
1088 1379 1
1091 1452 1
1093 1481 1
1097 1197 1
1097 1272 1
1101 1112 1
1102 1133 1
1111 1312 1
1112 1360 1
1114 1215 1
1119 1265 1
1134 1146 1
1136 1447 1
1139 1354 1
1151 1170 1
1159 1186 1
1168 1284 1
1173 1191 1
1176 1200 1
1180 1231 1
1199 1459 1
1200 1395 1
1204 1229 1
1209 1424 1
1209 1479 1
1212 1493 1
1226 1304 1
1250 1402 1
1250 1461 1
1253 1393 1
1261 1296 1
1284 1381 1
1285 1444 1
1293 1480 1
1300 1391 1
1311 1380 1
1318 1330 1
1335 1350 1
1336 1426 1
1359 1369 1
1404 1476 1
1414 1415 1
