0 1 1
0 3 1
0 7 1
0 10 1
0 83 1
0 101 1
0 123 1
0 210 1
0 287 1
0 456 1
0 506 1
0 645 1
0 922 1
0 970 1
0 976 1
0 1030 1
0 1073 1
0 1093 1
0 1281 1
0 1348 1
1 2 1
1 303 1
1 314 1
1 380 1
1 440 1
1 539 1
1 701 1
1 736 1
1 1023 1
1 1194 1
1 1365 1
1 1454 1
2 4 1
2 20 1
2 64 1
2 69 1
2 174 1
2 240 1
2 382 1
2 577 1
2 665 1
2 732 1
2 875 1
2 1255 1
2 1364 1
3 5 1
3 6 1
3 9 1
3 12 1
3 21 1
3 30 1
3 31 1
3 39 1
3 51 1
3 55 1
3 56 1
3 60 1
3 63 1
3 66 1
3 74 1
3 86 1
3 92 1
3 94 1
3 95 1
3 96 1
3 108 1
3 109 1
3 110 1
3 112 1
3 118 1
3 119 1
3 130 1
3 155 1
3 157 1
3 160 1
3 171 1
3 173 1
3 199 1
3 203 1
3 226 1
3 231 1
3 239 1
3 254 1
3 265 1
3 268 1
3 275 1
3 280 1
3 294 1
3 302 1
3 321 1
3 331 1
3 335 1
3 339 1
3 347 1
3 359 1
3 364 1
3 387 1
3 401 1
3 426 1
3 433 1
3 441 1
3 504 1
3 508 1
3 511 1
3 512 1
3 564 1
3 617 1
3 633 1
3 655 1
3 657 1
3 687 1
3 695 1
3 708 1
3 769 1
3 803 1
3 807 1
3 829 1
3 861 1
3 872 1
3 873 1
3 892 1
3 902 1
3 936 1
3 947 1
3 953 1
3 967 1
3 1003 1
3 1016 1
3 1032 1
3 1053 1
3 1061 1
3 1089 1
3 1096 1
3 1100 1
3 1103 1
3 1162 1
3 1175 1
3 1185 1
3 1213 1
3 1275 1
3 1278 1
3 1294 1
3 1301 1
3 1335 1
3 1371 1
3 1376 1
3 1391 1
3 1401 1
3 1432 1
3 1496 1
5 22 1
5 75 1
5 77 1
5 117 1
5 142 1
5 148 1
5 178 1
5 297 1
5 334 1
5 428 1
5 481 1
5 554 1
5 579 1
5 662 1
5 910 1
5 960 1
5 1026 1
5 1057 1
5 1303 1
7 8 1
7 23 1
7 29 1
7 32 1
7 35 1
7 38 1
7 41 1
7 46 1
7 91 1
7 180 1
7 201 1
7 202 1
7 215 1
7 216 1
7 224 1
7 229 1
7 234 1
7 250 1
7 327 1
7 340 1
7 352 1
7 378 1
7 388 1
7 398 1
7 453 1
7 483 1
7 605 1
7 673 1
7 688 1
7 713 1
7 812 1
7 831 1
7 853 1
7 905 1
7 950 1
7 966 1
7 991 1
7 1048 1
7 1070 1
7 1243 1
7 1266 1
7 1268 1
7 1393 1
7 1412 1
7 1462 1
8 28 1
8 42 1
8 48 1
8 97 1
8 161 1
8 242 1
8 498 1
8 635 1
8 945 1
8 1314 1
9 11 1
9 40 1
11 13 1
11 14 1
11 15 1
11 16 1
11 17 1
11 19 1
11 24 1
11 25 1
11 26 1
11 27 1
11 49 1
11 67 1
11 78 1
11 89 1
11 100 1
11 131 1
11 151 1
11 158 1
11 166 1
11 196 1
11 247 1
11 273 1
11 281 1
11 304 1
11 342 1
11 350 1
11 356 1
11 357 1
11 381 1
11 425 1
11 521 1
11 531 1
11 620 1
11 650 1
11 678 1
11 707 1
11 782 1
11 784 1
11 1004 1
11 1011 1
11 1039 1
11 1043 1
11 1095 1
11 1173 1
11 1199 1
11 1286 1
11 1346 1
11 1356 1
11 1387 1
12 228 1
12 805 1
12 851 1
12 1143 1
12 1208 1
13 36 1
13 403 1
14 18 1
14 111 1
14 177 1
14 219 1
14 457 1
14 475 1
14 778 1
14 916 1
15 68 1
15 73 1
15 87 1
15 104 1
15 144 1
15 156 1
15 370 1
15 392 1
15 397 1
15 406 1
15 409 1
15 567 1
15 686 1
15 731 1
15 816 1
15 1024 1
15 1083 1
15 1189 1
15 1321 1
15 1329 1
16 71 1
16 182 1
16 207 1
16 269 1
16 821 1
16 978 1
17 385 1
18 47 1
18 90 1
18 225 1
18 353 1
18 361 1
18 424 1
18 484 1
18 570 1
18 820 1
18 825 1
18 1259 1
18 1313 1
18 1442 1
19 33 1
19 85 1
19 256 1
19 346 1
19 477 1
19 742 1
19 869 1
19 1360 1
19 1397 1
19 1437 1
21 143 1
22 34 1
22 313 1
22 685 1
22 1117 1
22 1338 1
23 72 1
23 168 1
23 187 1
23 244 1
23 249 1
23 262 1
23 291 1
23 463 1
23 640 1
23 756 1
23 845 1
23 866 1
23 1091 1
23 1167 1
23 1178 1
23 1351 1
23 1403 1
23 1419 1
24 138 1
24 241 1
24 913 1
24 956 1
25 149 1
25 164 1
25 223 1
25 542 1
25 680 1
25 877 1
25 1069 1
25 1115 1
25 1146 1
26 84 1
26 113 1
26 232 1
26 270 1
26 348 1
26 408 1
26 448 1
26 619 1
26 689 1
26 694 1
26 710 1
26 777 1
26 1124 1
26 1464 1
27 82 1
27 126 1
27 136 1
27 518 1
27 977 1
27 1111 1
27 1180 1
27 1352 1
27 1438 1
28 159 1
28 603 1
29 98 1
29 103 1
29 179 1
29 230 1
29 571 1
29 721 1
29 783 1
29 1226 1
29 1347 1
29 1486 1
31 153 1
31 588 1
31 862 1
32 106 1
32 176 1
32 183 1
32 568 1
33 76 1
33 121 1
33 246 1
33 482 1
33 591 1
33 1477 1
34 43 1
34 99 1
34 134 1
34 146 1
34 152 1
34 300 1
34 318 1
34 319 1
34 375 1
34 838 1
34 962 1
34 1374 1
34 1457 1
35 37 1
35 53 1
35 61 1
35 62 1
35 295 1
35 391 1
35 468 1
35 738 1
35 996 1
35 1034 1
35 1198 1
35 1280 1
37 57 1
38 114 1
38 797 1
38 1099 1
38 1145 1
38 1322 1
40 1380 1
41 44 1
41 52 1
41 122 1
41 416 1
41 927 1
41 946 1
41 968 1
41 1017 1
41 1063 1
41 1128 1
41 1235 1
42 45 1
42 59 1
42 105 1
42 217 1
42 264 1
42 283 1
42 299 1
42 366 1
42 551 1
42 583 1
42 706 1
42 813 1
42 1123 1
42 1261 1
43 139 1
43 562 1
44 50 1
44 393 1
44 810 1
45 128 1
45 185 1
45 191 1
45 917 1
45 1490 1
46 65 1
46 102 1
46 115 1
46 165 1
46 188 1
46 198 1
46 260 1
46 296 1
46 308 1
46 405 1
46 422 1
46 485 1
46 496 1
46 526 1
46 771 1
46 781 1
46 914 1
46 932 1
46 1101 1
46 1150 1
46 1160 1
46 1332 1
46 1382 1
47 81 1
47 150 1
47 197 1
47 218 1
47 315 1
47 355 1
47 491 1
47 658 1
47 692 1
47 815 1
47 868 1
47 1021 1
47 1084 1
47 1184 1
47 1244 1
47 1381 1
47 1395 1
47 1404 1
48 214 1
48 248 1
48 538 1
49 54 1
49 58 1
49 70 1
49 552 1
49 582 1
50 1081 1
51 116 1
51 208 1
51 332 1
51 345 1
51 390 1
51 449 1
51 505 1
51 623 1
51 865 1
52 132 1
52 133 1
52 277 1
52 889 1
52 907 1
52 1223 1
52 1369 1
52 1484 1
53 140 1
53 464 1
53 600 1
53 884 1
53 969 1
53 1214 1
54 137 1
54 310 1
54 998 1
54 1192 1
55 739 1
57 135 1
57 395 1
57 613 1
57 765 1
57 1165 1
58 80 1
58 170 1
58 537 1
58 773 1
59 261 1
59 368 1
59 486 1
59 798 1
59 959 1
59 1227 1
59 1394 1
60 107 1
60 266 1
61 258 1
62 444 1
62 560 1
62 1288 1
63 796 1
64 638 1
65 129 1
65 358 1
65 447 1
65 780 1
65 988 1
65 1179 1
66 642 1
66 1156 1
68 515 1
68 522 1
68 786 1
68 1038 1
68 1158 1
68 1296 1
69 79 1
69 181 1
69 209 1
69 326 1
69 785 1
69 944 1
69 1014 1
69 1065 1
69 1098 1
69 1193 1
69 1260 1
69 1489 1
71 93 1
71 592 1
73 499 1
73 1051 1
73 1097 1
74 127 1
74 532 1
74 1074 1
74 1159 1
74 1440 1
75 700 1
75 858 1
75 1343 1
78 88 1
79 195 1
79 235 1
79 454 1
79 502 1
79 514 1
79 612 1
79 626 1
79 730 1
79 774 1
79 1284 1
79 1472 1
80 124 1
80 145 1
80 147 1
80 163 1
80 200 1
80 206 1
80 400 1
80 584 1
80 614 1
80 879 1
80 951 1
81 954 1
82 293 1
82 379 1
82 601 1
82 679 1
82 753 1
82 1015 1
83 1104 1
84 186 1
84 276 1
84 363 1
84 430 1
84 516 1
84 656 1
84 918 1
84 1176 1
84 1197 1
86 272 1
87 461 1
87 572 1
87 901 1
87 963 1
87 1056 1
87 1112 1
87 1316 1
88 253 1
88 1120 1
89 530 1
89 728 1
90 172 1
90 193 1
90 469 1
90 474 1
90 519 1
90 750 1
90 834 1
91 546 1
92 1295 1
93 478 1
93 543 1
97 1230 1
97 1481 1
98 175 1
98 431 1
98 676 1
98 806 1
98 903 1
99 213 1
100 472 1
102 336 1
102 450 1
102 766 1
104 162 1
104 190 1
104 435 1
104 565 1
104 841 1
104 886 1
104 1188 1
105 661 1
107 125 1
107 418 1
107 670 1
107 895 1
108 413 1
109 438 1
110 169 1
110 618 1
110 691 1
110 1345 1
110 1361 1
111 120 1
111 141 1
111 460 1
111 467 1
111 727 1
111 855 1
111 1022 1
111 1358 1
112 337 1
112 445 1
112 587 1
112 625 1
112 648 1
112 1006 1
112 1066 1
113 192 1
113 369 1
113 374 1
113 423 1
113 955 1
115 194 1
115 1002 1
117 1161 1
118 289 1
120 290 1
120 904 1
123 494 1
124 167 1
124 533 1
124 1272 1
127 794 1
129 351 1
129 476 1
129 480 1
129 637 1
129 940 1
129 1072 1
129 1478 1
130 220 1
130 301 1
130 325 1
130 333 1
130 412 1
130 517 1
130 524 1
130 573 1
130 752 1
130 840 1
130 898 1
130 964 1
130 965 1
130 1009 1
130 1144 1
130 1155 1
130 1327 1
132 569 1
132 878 1
133 282 1
134 443 1
134 718 1
134 920 1
137 341 1
140 184 1
140 900 1
140 1209 1
141 236 1
141 252 1
141 288 1
141 997 1
141 1359 1
142 204 1
142 1257 1
145 384 1
145 643 1
145 982 1
145 1171 1
147 154 1
147 205 1
147 245 1
147 263 1
147 306 1
147 311 1
147 324 1
147 436 1
147 751 1
147 863 1
147 885 1
147 1151 1
147 1168 1
147 1308 1
147 1320 1
147 1324 1
147 1421 1
148 699 1
148 714 1
148 852 1
148 1328 1
149 221 1
149 470 1
149 574 1
149 830 1
149 1080 1
150 376 1
150 415 1
150 471 1
150 667 1
150 899 1
152 923 1
153 675 1
157 367 1
158 1222 1
159 559 1
160 999 1
161 634 1
162 523 1
162 1125 1
162 1283 1
163 189 1
163 255 1
163 305 1
163 817 1
164 578 1
164 654 1
164 823 1
164 1206 1
165 897 1
166 1377 1
167 684 1
167 1410 1
168 421 1
169 233 1
171 212 1
171 446 1
171 492 1
171 1001 1
171 1005 1
171 1461 1
173 222 1
173 237 1
173 257 1
173 536 1
173 811 1
173 1047 1
173 1285 1
173 1398 1
173 1447 1
174 529 1
174 595 1
174 772 1
174 775 1
175 698 1
176 317 1
177 330 1
177 394 1
178 1249 1
179 227 1
179 259 1
179 859 1
180 320 1
181 593 1
181 822 1
183 420 1
183 501 1
183 580 1
184 238 1
184 1079 1
185 298 1
191 814 1
191 943 1
192 808 1
192 1118 1
192 1133 1
193 279 1
194 576 1
195 743 1
198 211 1
198 809 1
199 396 1
200 251 1
200 520 1
200 1121 1
200 1207 1
201 344 1
201 709 1
201 1196 1
202 267 1
202 343 1
202 606 1
202 770 1
203 734 1
204 1147 1
206 1475 1
207 383 1
208 278 1
208 465 1
208 826 1
208 881 1
208 980 1
208 1148 1
209 550 1
209 911 1
212 285 1
212 490 1
212 690 1
212 1152 1
212 1239 1
213 371 1
213 712 1
213 759 1
213 787 1
213 1290 1
215 427 1
215 912 1
215 1046 1
217 322 1
217 628 1
217 1263 1
218 338 1
218 1052 1
220 411 1
220 545 1
220 681 1
220 705 1
220 894 1
223 1428 1
224 1273 1
226 309 1
227 1444 1
229 274 1
229 488 1
229 489 1
229 541 1
229 553 1
229 711 1
230 540 1
235 365 1
235 402 1
236 935 1
238 495 1
238 758 1
239 243 1
239 360 1
239 566 1
239 755 1
240 1140 1
241 1451 1
242 674 1
244 329 1
244 615 1
245 497 1
245 581 1
250 434 1
250 535 1
251 292 1
251 726 1
251 1292 1
252 312 1
252 323 1
252 404 1
253 414 1
254 740 1
254 883 1
254 1203 1
254 1333 1
254 1350 1
254 1446 1
256 349 1
257 768 1
259 328 1
259 1075 1
259 1247 1
259 1325 1
260 867 1
261 799 1
262 284 1
262 939 1
263 451 1
263 1499 1
266 271 1
268 1416 1
272 1109 1
272 1219 1
274 994 1
275 1019 1
277 377 1
278 493 1
279 286 1
279 410 1
279 846 1
280 717 1
280 1020 1
285 585 1
285 609 1
285 761 1
285 764 1
285 1256 1
287 399 1
287 439 1
287 843 1
288 1054 1
288 1276 1
289 373 1
289 660 1
291 316 1
291 1040 1
293 589 1
293 644 1
293 749 1
294 1453 1
297 513 1
297 629 1
297 672 1
297 1060 1
297 1174 1
300 647 1
300 1126 1
302 864 1
303 747 1
305 307 1
305 651 1
305 1041 1
305 1169 1
306 1245 1
309 1456 1
310 646 1
310 1088 1
312 556 1
312 762 1
313 386 1
313 602 1
313 938 1
314 958 1
319 354 1
319 442 1
321 429 1
322 503 1
322 527 1
322 854 1
322 1141 1
323 746 1
323 1479 1
328 479 1
328 682 1
329 608 1
330 979 1
332 622 1
332 1033 1
332 1042 1
332 1116 1
332 1129 1
334 458 1
337 1190 1
339 1383 1
339 1420 1
340 630 1
340 931 1
340 1232 1
340 1271 1
343 362 1
343 1234 1
344 1267 1
345 590 1
345 800 1
346 372 1
346 906 1
348 473 1
348 548 1
349 1246 1
350 452 1
351 722 1
351 1035 1
351 1300 1
351 1455 1
354 419 1
354 779 1
354 1044 1
354 1201 1
354 1269 1
355 1240 1
360 455 1
360 561 1
361 1468 1
363 729 1
363 985 1
363 1142 1
363 1258 1
364 1443 1
365 500 1
365 599 1
365 804 1
365 1488 1
366 1254 1
367 598 1
367 610 1
370 462 1
370 663 1
370 716 1
370 1341 1
371 466 1
371 549 1
371 1068 1
374 563 1
374 1384 1
375 819 1
375 890 1
375 1252 1
377 653 1
382 1385 1
384 389 1
390 652 1
391 1315 1
393 715 1
393 1408 1
394 547 1
394 703 1
394 975 1
394 1318 1
395 407 1
396 417 1
398 1431 1
401 555 1
401 558 1
401 860 1
401 1027 1
401 1465 1
405 1270 1
407 1092 1
408 735 1
409 528 1
409 925 1
409 1418 1
411 934 1
412 792 1
414 437 1
416 1212 1
419 788 1
420 1425 1
421 616 1
421 1445 1
422 933 1
422 1087 1
424 835 1
424 1018 1
425 432 1
426 607 1
429 631 1
430 1130 1
431 986 1
435 1435 1
437 733 1
438 1136 1
439 627 1
439 1108 1
439 1217 1
439 1473 1
440 745 1
442 1085 1
443 790 1
446 828 1
448 557 1
448 624 1
448 649 1
451 937 1
451 1107 1
451 1202 1
453 459 1
453 1331 1
455 575 1
455 836 1
455 1460 1
456 534 1
456 888 1
458 839 1
459 487 1
459 509 1
463 666 1
463 1312 1
473 507 1
473 641 1
473 744 1
473 767 1
473 896 1
473 1110 1
473 1191 1
478 876 1
478 1166 1
478 1293 1
481 1298 1
481 1305 1
484 1122 1
484 1480 1
485 1265 1
485 1344 1
486 992 1
491 942 1
491 995 1
492 1413 1
492 1441 1
495 952 1
495 1299 1
496 1309 1
498 597 1
498 683 1
500 880 1
500 924 1
500 1000 1
501 1264 1
502 525 1
502 793 1
508 677 1
509 510 1
511 596 1
511 693 1
512 639 1
512 1013 1
514 741 1
514 1177 1
515 621 1
515 668 1
516 611 1
518 818 1
518 1279 1
520 696 1
520 1389 1
523 659 1
523 789 1
523 972 1
525 1242 1
526 849 1
530 1373 1
530 1466 1
532 1094 1
533 636 1
533 757 1
533 1025 1
534 1396 1
534 1424 1
535 1302 1
539 664 1
540 848 1
540 870 1
541 1218 1
541 1482 1
542 544 1
542 632 1
544 1045 1
546 586 1
546 1182 1
548 1367 1
549 671 1
549 1317 1
552 669 1
552 1010 1
553 908 1
555 827 1
555 1007 1
556 594 1
557 795 1
561 915 1
561 987 1
564 981 1
564 1105 1
571 1204 1
572 1274 1
577 604 1
578 1221 1
578 1390 1
588 882 1
588 1186 1
588 1386 1
589 704 1
590 1407 1
594 1102 1
594 1411 1
596 1238 1
600 702 1
600 760 1
600 833 1
600 1334 1
605 1277 1
606 928 1
606 1311 1
610 697 1
612 1487 1
620 748 1
622 983 1
626 754 1
627 1163 1
628 837 1
628 1067 1
630 974 1
630 1059 1
632 1172 1
635 1423 1
637 857 1
638 724 1
638 930 1
640 720 1
640 1228 1
640 1427 1
641 1225 1
642 993 1
645 723 1
651 842 1
652 725 1
652 824 1
652 1153 1
654 891 1
654 1037 1
657 801 1
662 850 1
664 1106 1
671 1248 1
678 1076 1
678 1181 1
689 1251 1
694 1113 1
695 719 1
695 1409 1
697 1340 1
698 984 1
701 791 1
701 832 1
701 1029 1
702 1224 1
704 776 1
704 802 1
704 874 1
704 1154 1
704 1250 1
704 1379 1
710 1326 1
710 1372 1
710 1430 1
712 1139 1
713 1157 1
715 909 1
719 1216 1
720 1028 1
721 737 1
722 1233 1
722 1342 1
723 893 1
727 961 1
727 971 1
727 973 1
728 1187 1
729 856 1
736 1090 1
738 1031 1
740 1008 1
740 1164 1
741 1012 1
742 1363 1
742 1402 1
744 1378 1
746 1492 1
747 919 1
753 763 1
753 1319 1
760 989 1
769 921 1
769 1306 1
769 1339 1
769 1459 1
772 1282 1
780 1476 1
781 1330 1
785 1036 1
785 1114 1
810 1370 1
814 1195 1
823 1215 1
825 871 1
828 1400 1
829 887 1
829 1050 1
831 1470 1
832 1137 1
834 1210 1
838 1119 1
842 847 1
842 1450 1
843 844 1
846 1055 1
849 1469 1
850 929 1
863 1375 1
866 1485 1
867 1310 1
867 1406 1
867 1493 1
870 948 1
876 1323 1
887 1436 1
889 1289 1
890 957 1
890 1086 1
890 1415 1
893 1078 1
894 926 1
894 949 1
913 1388 1
916 941 1
919 1082 1
928 1429 1
929 1362 1
929 1471 1
931 1138 1
935 1200 1
938 1049 1
940 1149 1
940 1304 1
952 1127 1
959 1354 1
962 1062 1
962 1205 1
962 1236 1
963 1064 1
963 1131 1
970 1077 1
971 1058 1
977 990 1
977 1463 1
978 1368 1
981 1237 1
988 1071 1
988 1135 1
1006 1458 1
1006 1497 1
1007 1337 1
1041 1291 1
1046 1170 1
1052 1253 1
1060 1353 1
1073 1229 1
1078 1211 1
1079 1452 1
1085 1241 1
1095 1426 1
1098 1349 1
1102 1134 1
1104 1132 1
1109 1357 1
1113 1231 1
1122 1417 1
1131 1262 1
1131 1494 1
1143 1336 1
1156 1483 1
1160 1220 1
1160 1287 1
1162 1183 1
1162 1297 1
1163 1422 1
1174 1355 1
1182 1414 1
1196 1307 1
1210 1448 1
1213 1467 1
1222 1405 1
1241 1392 1
1252 1399 1
1280 1366 1
1293 1434 1
1311 1491 1
1318 1449 1
1401 1439 1
1402 1495 1
1405 1474 1
1428 1498 1
1430 1433 1
