0 1 1
0 3 1
0 5 1
0 6 1
0 11 1
0 12 1
0 18 1
0 26 1
0 27 1
0 30 1
0 39 1
0 49 1
0 53 1
0 59 1
0 75 1
0 86 1
0 90 1
0 110 1
0 113 1
0 115 1
0 139 1
0 151 1
0 173 1
0 176 1
0 219 1
0 316 1
0 332 1
0 333 1
0 335 1
0 336 1
0 392 1
0 395 1
0 446 1
0 448 1
0 450 1
0 478 1
0 483 1
0 494 1
0 500 1
0 560 1
0 573 1
0 579 1
0 592 1
0 631 1
0 646 1
0 725 1
0 768 1
0 860 1
0 914 1
0 947 1
0 1067 1
0 1072 1
0 1161 1
0 1184 1
0 1205 1
0 1251 1
0 1256 1
0 1305 1
0 1333 1
0 1382 1
0 1474 1
1 2 1
1 19 1
1 40 1
1 45 1
1 65 1
1 66 1
1 124 1
1 130 1
1 135 1
1 190 1
1 191 1
1 262 1
1 286 1
1 290 1
1 383 1
1 388 1
1 441 1
1 489 1
1 497 1
1 528 1
1 561 1
1 576 1
1 583 1
1 589 1
1 603 1
1 623 1
1 675 1
1 705 1
1 895 1
1 939 1
1 1024 1
1 1096 1
1 1099 1
1 1191 1
1 1291 1
1 1369 1
2 4 1
2 8 1
2 13 1
2 20 1
2 24 1
2 28 1
2 33 1
2 38 1
2 42 1
2 106 1
2 112 1
2 157 1
2 175 1
2 179 1
2 226 1
2 235 1
2 247 1
2 258 1
2 273 1
2 420 1
2 515 1
2 520 1
2 608 1
2 722 1
2 770 1
2 794 1
2 819 1
2 823 1
2 902 1
2 1002 1
2 1030 1
2 1293 1
2 1304 1
2 1354 1
2 1416 1
2 1479 1
2 1495 1
3 9 1
3 10 1
3 48 1
3 51 1
3 92 1
3 196 1
3 228 1
3 243 1
3 260 1
3 282 1
3 283 1
3 360 1
3 390 1
3 422 1
3 485 1
3 513 1
3 551 1
3 571 1
3 607 1
3 610 1
3 635 1
3 693 1
3 703 1
3 1035 1
3 1083 1
3 1118 1
3 1128 1
3 1414 1
4 101 1
4 154 1
4 167 1
4 225 1
4 253 1
4 678 1
4 686 1
4 727 1
4 876 1
4 1043 1
4 1110 1
4 1270 1
4 1298 1
4 1406 1
4 1469 1
4 1486 1
5 16 1
5 30 1
5 54 1
5 84 1
5 108 1
5 119 1
5 270 1
5 287 1
5 330 1
5 361 1
5 454 1
5 464 1
5 565 1
5 593 1
5 655 1
5 708 1
5 747 1
5 827 1
5 843 1
5 905 1
5 1105 1
5 1207 1
5 1372 1
6 7 1
6 14 1
6 215 1
6 307 1
6 505 1
6 567 1
6 723 1
6 750 1
6 773 1
6 1471 1
7 8 1
7 17 1
7 31 1
7 81 1
7 150 1
7 178 1
7 519 1
7 557 1
7 826 1
7 924 1
7 926 1
7 1005 1
7 1093 1
8 23 1
8 46 1
8 74 1
8 87 1
8 105 1
8 141 1
8 296 1
8 1199 1
8 1213 1
8 1269 1
8 1287 1
8 1417 1
9 25 1
9 35 1
9 83 1
9 116 1
9 122 1
9 159 1
9 212 1
9 214 1
9 312 1
9 350 1
9 423 1
9 430 1
9 442 1
9 443 1
9 556 1
9 577 1
9 637 1
9 689 1
9 941 1
9 978 1
9 1069 1
9 1109 1
9 1227 1
10 197 1
10 257 1
10 445 1
10 465 1
10 654 1
10 1004 1
10 1119 1
10 1420 1
11 52 1
11 60 1
11 318 1
11 414 1
11 731 1
11 854 1
12 15 1
12 158 1
12 194 1
12 718 1
12 1134 1
13 220 1
13 1001 1
14 1082 1
15 29 1
15 208 1
15 412 1
15 894 1
15 1250 1
18 22 1
18 32 1
18 43 1
18 256 1
18 1057 1
18 1133 1
19 21 1
19 34 1
19 36 1
19 61 1
19 136 1
19 164 1
19 234 1
19 279 1
19 304 1
19 339 1
19 400 1
19 403 1
19 438 1
19 495 1
19 504 1
19 653 1
19 733 1
19 751 1
19 833 1
19 1145 1
19 1159 1
19 1200 1
19 1257 1
19 1381 1
19 1387 1
19 1394 1
20 55 1
20 93 1
20 121 1
20 133 1
20 488 1
20 1183 1
20 1388 1
20 1446 1
21 553 1
22 44 1
22 60 1
22 73 1
22 117 1
22 182 1
22 344 1
22 346 1
22 475 1
22 527 1
22 796 1
22 802 1
22 1066 1
22 1071 1
22 1285 1
23 152 1
23 323 1
23 462 1
23 572 1
23 617 1
23 929 1
23 1168 1
23 1194 1
24 50 1
24 82 1
24 100 1
24 125 1
24 146 1
24 186 1
24 284 1
24 292 1
24 293 1
24 314 1
24 440 1
24 537 1
24 544 1
24 612 1
24 615 1
24 650 1
24 662 1
24 790 1
24 916 1
24 1100 1
24 1238 1
24 1312 1
25 189 1
25 265 1
25 315 1
25 506 1
25 702 1
25 911 1
25 1314 1
26 232 1
26 275 1
26 398 1
26 399 1
27 76 1
27 107 1
27 137 1
27 142 1
27 193 1
27 237 1
27 280 1
27 305 1
27 354 1
27 511 1
27 858 1
27 965 1
27 1014 1
27 1135 1
27 1242 1
27 1424 1
30 41 1
30 1271 1
31 33 1
31 37 1
31 268 1
31 364 1
31 591 1
31 1480 1
32 103 1
32 129 1
32 145 1
32 156 1
32 195 1
32 334 1
32 855 1
32 984 1
33 363 1
33 404 1
33 1173 1
34 175 1
34 252 1
34 559 1
36 128 1
36 276 1
36 288 1
36 299 1
36 313 1
36 481 1
36 536 1
36 1342 1
36 1473 1
37 165 1
37 595 1
37 674 1
37 758 1
37 884 1
38 63 1
38 172 1
38 1049 1
38 1130 1
38 1303 1
39 47 1
39 70 1
39 680 1
39 762 1
39 989 1
39 1180 1
40 301 1
40 331 1
40 673 1
40 848 1
40 1031 1
40 1383 1
40 1403 1
40 1496 1
41 638 1
42 95 1
42 326 1
42 342 1
43 54 1
43 70 1
43 71 1
43 89 1
43 96 1
43 174 1
43 215 1
43 216 1
43 244 1
43 249 1
43 254 1
43 297 1
43 407 1
43 416 1
43 1222 1
43 1261 1
43 1315 1
43 1426 1
43 1460 1
43 1476 1
44 49 1
44 57 1
44 127 1
44 131 1
44 206 1
44 259 1
44 341 1
44 534 1
44 628 1
44 667 1
44 671 1
44 822 1
44 836 1
44 890 1
44 1126 1
44 1189 1
44 1316 1
45 871 1
46 56 1
46 77 1
46 132 1
46 281 1
46 311 1
46 324 1
46 347 1
46 391 1
46 436 1
46 570 1
46 1088 1
46 1279 1
46 1362 1
46 1413 1
46 1452 1
47 126 1
47 187 1
48 155 1
48 486 1
48 803 1
49 405 1
49 1350 1
51 64 1
51 100 1
51 144 1
51 432 1
51 459 1
51 469 1
51 677 1
51 861 1
51 1217 1
52 383 1
52 767 1
52 1058 1
52 1374 1
54 58 1
54 657 1
55 79 1
55 94 1
55 479 1
55 502 1
55 580 1
55 882 1
55 1433 1
56 67 1
56 104 1
56 389 1
56 599 1
56 999 1
56 1115 1
56 1259 1
56 1353 1
57 98 1
57 116 1
57 149 1
57 160 1
57 227 1
57 239 1
57 431 1
57 473 1
57 554 1
57 701 1
57 1019 1
57 1107 1
57 1147 1
57 1493 1
58 80 1
58 138 1
58 153 1
58 387 1
58 472 1
58 562 1
59 728 1
60 62 1
60 85 1
60 97 1
60 111 1
60 171 1
60 457 1
60 649 1
60 766 1
60 1098 1
60 1104 1
61 68 1
61 72 1
61 183 1
61 846 1
61 955 1
61 1033 1
61 1081 1
61 1150 1
61 1206 1
62 1065 1
62 1499 1
63 697 1
63 817 1
64 850 1
64 1050 1
65 78 1
65 114 1
65 118 1
65 123 1
65 143 1
65 170 1
65 181 1
65 203 1
65 272 1
65 373 1
65 380 1
65 417 1
65 418 1
65 458 1
65 474 1
65 490 1
65 546 1
65 582 1
65 642 1
65 1112 1
65 1223 1
65 1292 1
65 1411 1
65 1450 1
65 1487 1
65 1494 1
66 862 1
67 874 1
67 973 1
67 1018 1
68 69 1
68 94 1
68 99 1
68 188 1
68 241 1
68 274 1
68 338 1
68 355 1
68 629 1
68 710 1
68 746 1
68 1084 1
68 1188 1
68 1239 1
68 1397 1
68 1402 1
68 1453 1
69 91 1
69 248 1
69 370 1
69 980 1
69 1465 1
70 266 1
70 278 1
70 1247 1
71 109 1
71 440 1
71 601 1
71 682 1
71 742 1
71 798 1
71 867 1
71 1265 1
72 155 1
72 372 1
72 1029 1
73 161 1
73 168 1
73 369 1
73 804 1
73 1143 1
73 1172 1
74 411 1
74 619 1
74 620 1
74 630 1
74 893 1
74 1141 1
75 102 1
75 415 1
77 690 1
77 847 1
78 88 1
78 340 1
78 410 1
79 192 1
79 393 1
79 976 1
79 1028 1
79 1243 1
81 588 1
81 830 1
81 948 1
81 1398 1
82 236 1
82 566 1
83 587 1
83 933 1
84 367 1
84 1070 1
85 229 1
85 413 1
85 734 1
85 886 1
85 1186 1
86 553 1
88 696 1
88 1212 1
89 634 1
90 543 1
92 452 1
93 191 1
93 530 1
95 421 1
95 1310 1
97 663 1
98 271 1
98 1368 1
99 120 1
99 162 1
99 763 1
99 840 1
99 1092 1
99 1176 1
100 493 1
100 639 1
100 977 1
100 1412 1
101 255 1
101 668 1
101 981 1
102 396 1
102 444 1
102 498 1
103 429 1
103 684 1
103 1280 1
104 427 1
105 339 1
105 744 1
106 308 1
106 329 1
106 853 1
106 1282 1
106 1300 1
108 322 1
108 938 1
110 163 1
110 371 1
110 665 1
110 709 1
110 961 1
111 1138 1
112 210 1
112 1240 1
114 261 1
114 302 1
114 1404 1
115 224 1
116 184 1
116 294 1
116 356 1
116 384 1
117 167 1
117 428 1
117 542 1
117 764 1
117 1288 1
118 514 1
118 602 1
118 996 1
120 246 1
120 306 1
120 468 1
120 743 1
120 908 1
120 917 1
120 1042 1
120 1463 1
121 1466 1
125 735 1
126 539 1
127 325 1
127 353 1
128 160 1
128 466 1
128 470 1
128 516 1
128 545 1
128 547 1
128 578 1
128 1061 1
131 205 1
131 321 1
131 362 1
131 714 1
131 775 1
131 808 1
131 1196 1
131 1216 1
133 134 1
133 200 1
133 240 1
133 656 1
133 1203 1
133 1380 1
133 1457 1
134 713 1
135 147 1
137 1235 1
138 285 1
138 296 1
138 1359 1
139 140 1
139 368 1
139 480 1
139 535 1
140 201 1
142 267 1
142 849 1
145 148 1
145 169 1
145 552 1
145 745 1
145 921 1
145 1074 1
145 1419 1
146 366 1
146 627 1
147 518 1
147 886 1
147 1059 1
148 808 1
148 1378 1
149 179 1
149 185 1
149 199 1
149 233 1
149 683 1
149 820 1
149 1056 1
149 1103 1
149 1117 1
150 211 1
150 1427 1
151 426 1
151 614 1
152 480 1
152 936 1
152 1044 1
153 166 1
153 223 1
153 352 1
153 359 1
153 729 1
153 755 1
153 1037 1
153 1281 1
154 872 1
155 180 1
155 1124 1
156 425 1
156 550 1
156 596 1
156 1267 1
157 204 1
157 229 1
157 245 1
157 564 1
157 1077 1
157 1365 1
160 289 1
160 453 1
160 868 1
162 186 1
162 264 1
162 880 1
162 1123 1
162 1286 1
165 230 1
165 920 1
166 231 1
167 558 1
168 202 1
168 327 1
168 487 1
168 590 1
168 613 1
168 709 1
168 726 1
168 818 1
171 319 1
171 1262 1
172 177 1
172 523 1
172 532 1
172 581 1
172 633 1
172 730 1
172 1015 1
172 1038 1
172 1047 1
172 1334 1
172 1389 1
172 1390 1
173 548 1
174 250 1
175 251 1
175 692 1
176 209 1
176 837 1
176 1129 1
179 237 1
179 460 1
179 1051 1
179 1289 1
180 1170 1
180 1475 1
182 357 1
182 1149 1
183 228 1
184 1085 1
185 198 1
185 263 1
185 439 1
185 1078 1
187 341 1
188 421 1
188 1272 1
189 585 1
189 759 1
190 213 1
192 218 1
192 221 1
197 207 1
197 821 1
197 1377 1
198 208 1
198 715 1
198 761 1
198 813 1
198 1101 1
198 1307 1
198 1440 1
199 217 1
199 349 1
199 963 1
199 1434 1
200 477 1
200 1169 1
201 1322 1
202 238 1
205 912 1
205 945 1
205 1423 1
206 935 1
206 1343 1
207 377 1
207 812 1
207 1162 1
208 277 1
208 1152 1
208 1407 1
208 1431 1
210 574 1
210 1252 1
211 222 1
211 531 1
211 910 1
211 956 1
213 643 1
213 648 1
213 1111 1
213 1273 1
213 1301 1
215 617 1
215 1330 1
218 964 1
218 1157 1
219 317 1
219 459 1
219 508 1
219 1020 1
220 838 1
221 499 1
221 1007 1
223 793 1
223 1125 1
225 300 1
225 510 1
225 524 1
227 269 1
227 501 1
227 806 1
228 375 1
228 616 1
228 1181 1
228 1472 1
229 424 1
229 461 1
229 909 1
229 988 1
230 295 1
230 621 1
230 622 1
230 1155 1
231 1023 1
232 1341 1
236 291 1
236 1232 1
237 242 1
237 265 1
237 385 1
237 597 1
237 972 1
238 384 1
239 365 1
242 1351 1
243 386 1
244 310 1
245 272 1
245 809 1
248 467 1
248 1278 1
249 376 1
250 309 1
251 878 1
252 799 1
252 835 1
252 987 1
255 541 1
255 672 1
255 1174 1
257 476 1
257 484 1
257 503 1
257 670 1
257 756 1
257 962 1
257 1335 1
258 1385 1
259 797 1
261 376 1
261 456 1
262 320 1
262 328 1
262 632 1
262 1073 1
263 852 1
263 1108 1
263 1139 1
264 609 1
265 269 1
265 397 1
265 993 1
266 1000 1
266 1276 1
267 410 1
267 491 1
267 1459 1
269 705 1
269 748 1
269 1091 1
269 1127 1
269 1443 1
271 414 1
271 1379 1
272 401 1
272 522 1
272 927 1
272 1429 1
273 289 1
273 712 1
273 949 1
275 538 1
275 1063 1
277 1268 1
278 626 1
278 810 1
278 928 1
280 1462 1
282 1458 1
283 679 1
283 1012 1
284 1364 1
285 303 1
285 394 1
289 298 1
289 704 1
289 1228 1
292 1195 1
296 647 1
300 679 1
303 408 1
303 578 1
303 641 1
303 944 1
303 1086 1
303 1320 1
303 1438 1
304 1430 1
306 786 1
308 345 1
308 348 1
308 606 1
308 1464 1
309 839 1
310 659 1
313 351 1
313 381 1
313 419 1
313 435 1
313 873 1
313 954 1
313 1400 1
316 364 1
316 409 1
316 739 1
316 1148 1
316 1215 1
318 1182 1
319 1027 1
320 447 1
320 994 1
320 1491 1
321 877 1
324 343 1
325 337 1
325 549 1
325 769 1
325 974 1
326 555 1
326 1154 1
329 363 1
329 1352 1
330 358 1
330 402 1
330 887 1
331 584 1
331 1192 1
331 1249 1
333 685 1
334 563 1
334 604 1
335 379 1
335 771 1
335 997 1
339 688 1
339 832 1
339 864 1
341 765 1
341 1022 1
341 1046 1
342 433 1
342 736 1
342 1356 1
343 794 1
343 1116 1
345 1171 1
347 687 1
348 406 1
348 521 1
348 757 1
349 378 1
349 434 1
349 449 1
349 1220 1
349 1241 1
356 970 1
359 624 1
362 1229 1
363 471 1
363 857 1
363 879 1
363 1090 1
364 1120 1
367 851 1
370 913 1
371 374 1
371 451 1
377 382 1
378 721 1
378 781 1
378 801 1
381 586 1
383 512 1
383 699 1
383 706 1
383 772 1
383 1048 1
383 1062 1
383 1255 1
383 1376 1
384 1408 1
391 618 1
391 901 1
393 780 1
394 1327 1
394 1489 1
395 451 1
395 1313 1
398 447 1
399 437 1
399 509 1
399 669 1
399 919 1
399 1136 1
401 1246 1
401 1326 1
402 957 1
402 1003 1
405 455 1
405 966 1
405 971 1
413 1209 1
413 1358 1
414 695 1
417 533 1
418 507 1
418 1132 1
419 618 1
419 815 1
421 792 1
422 991 1
423 469 1
427 605 1
427 1020 1
428 968 1
437 952 1
437 1156 1
438 651 1
438 856 1
438 918 1
438 923 1
438 995 1
438 1204 1
439 525 1
440 888 1
440 1131 1
444 463 1
445 540 1
445 959 1
445 1052 1
446 492 1
446 526 1
447 568 1
448 791 1
449 645 1
449 669 1
449 1467 1
449 1497 1
450 482 1
450 668 1
451 1060 1
452 776 1
453 787 1
453 1237 1
456 600 1
456 883 1
458 845 1
458 998 1
458 1253 1
458 1482 1
460 496 1
463 529 1
464 660 1
464 892 1
466 569 1
466 824 1
466 1034 1
469 1167 1
469 1218 1
469 1308 1
470 785 1
472 517 1
473 661 1
473 711 1
473 829 1
473 1226 1
477 1032 1
478 1221 1
479 594 1
480 958 1
480 1011 1
481 1248 1
483 698 1
483 1317 1
484 1013 1
485 634 1
490 1131 1
490 1309 1
493 805 1
494 922 1
495 863 1
497 582 1
497 700 1
497 1409 1
499 754 1
500 1158 1
501 749 1
501 1068 1
502 814 1
503 831 1
509 717 1
511 1395 1
513 619 1
515 834 1
515 1348 1
519 1055 1
520 881 1
520 925 1
522 982 1
525 1179 1
526 1175 1
527 1075 1
527 1299 1
530 960 1
530 1178 1
533 1451 1
534 611 1
535 625 1
538 903 1
538 1197 1
541 850 1
541 951 1
541 1114 1
543 676 1
545 1036 1
545 1144 1
546 644 1
546 774 1
546 795 1
549 760 1
550 983 1
553 900 1
554 875 1
558 612 1
560 899 1
561 741 1
563 675 1
564 575 1
565 640 1
569 844 1
569 1437 1
572 666 1
574 1260 1
577 691 1
577 740 1
579 1318 1
580 716 1
580 1392 1
581 752 1
583 783 1
583 789 1
583 931 1
584 937 1
586 694 1
586 950 1
586 1201 1
586 1263 1
586 1325 1
589 707 1
589 841 1
592 1166 1
592 1363 1
594 598 1
594 609 1
594 658 1
594 724 1
594 825 1
594 1025 1
594 1064 1
594 1122 1
596 932 1
596 1053 1
597 1234 1
600 1009 1
600 1142 1
602 816 1
602 885 1
602 1113 1
602 1236 1
609 1355 1
610 778 1
615 1375 1
619 732 1
619 1425 1
620 870 1
625 1401 1
626 636 1
626 664 1
626 828 1
626 1244 1
626 1258 1
626 1449 1
629 652 1
629 1391 1
632 1323 1
634 1026 1
637 1097 1
637 1137 1
640 1311 1
641 1089 1
645 777 1
645 889 1
650 719 1
650 782 1
650 842 1
653 738 1
654 975 1
655 779 1
655 897 1
656 788 1
660 1436 1
661 753 1
662 1146 1
662 1361 1
664 1492 1
667 1153 1
669 681 1
669 811 1
669 1346 1
672 1274 1
675 1245 1
679 720 1
679 1454 1
680 1371 1
682 1010 1
682 1470 1
684 784 1
687 1415 1
688 942 1
690 898 1
696 891 1
702 934 1
702 1230 1
702 1477 1
702 1485 1
704 1054 1
705 1284 1
705 1321 1
710 1163 1
714 1290 1
724 807 1
729 866 1
729 1233 1
732 737 1
732 1339 1
734 869 1
734 1275 1
735 865 1
742 943 1
743 1160 1
744 1456 1
745 940 1
745 1185 1
749 985 1
749 1421 1
759 1017 1
762 800 1
762 904 1
765 1151 1
769 1076 1
769 1297 1
772 1121 1
775 859 1
784 915 1
796 969 1
796 1296 1
800 1106 1
801 946 1
805 906 1
808 1210 1
808 1498 1
810 1079 1
812 907 1
813 986 1
813 1165 1
824 980 1
827 1349 1
834 930 1
834 1198 1
834 1357 1
835 1405 1
838 896 1
839 1193 1
842 1336 1
847 1164 1
852 1360 1
854 990 1
854 1140 1
856 1102 1
856 1386 1
861 1008 1
869 1127 1
875 1095 1
875 1231 1
875 1435 1
882 953 1
886 1224 1
894 1208 1
895 1428 1
895 1445 1
902 1006 1
906 1021 1
909 1374 1
914 1016 1
915 1432 1
921 1448 1
922 1410 1
926 1302 1
926 1483 1
928 967 1
930 992 1
938 1039 1
942 1041 1
942 1370 1
943 1366 1
943 1441 1
946 979 1
963 1294 1
964 1045 1
970 1080 1
989 1347 1
992 1264 1
996 1190 1
996 1418 1
1008 1087 1
1016 1094 1
1021 1177 1
1023 1040 1
1024 1141 1
1026 1468 1
1037 1319 1
1047 1306 1
1048 1283 1
1061 1455 1
1074 1295 1
1074 1329 1
1074 1384 1
1076 1442 1
1090 1225 1
1090 1367 1
1091 1211 1
1095 1345 1
1109 1187 1
1142 1447 1
1144 1340 1
1144 1490 1
1149 1202 1
1149 1214 1
1160 1478 1
1167 1344 1
1174 1332 1
1177 1219 1
1177 1481 1
1181 1254 1
1181 1393 1
1188 1461 1
1203 1422 1
1214 1324 1
1214 1338 1
1219 1266 1
1221 1439 1
1255 1277 1
1256 1331 1
1325 1328 1
1334 1337 1
1347 1488 1
1352 1373 1
1354 1396 1
1372 1399 1
1412 1484 1
1430 1444 1
